Exactly one tagged jet, d_{TCHP} > 3.41:
------------------------------------------------------------------------------------
Initial	Scrap	HEHB	Trigger	PV	Muon	LMVeto	LEVeto	Jet	MT	bTag

19069	19069	0	1444	1442	1185	1184	1183	563	441	183
------------------------------------------------------------------------------------

RunNumber|	EventNumber|	LumiBlock|	ptLepton|	relIso|	ptjet1|	ptjet2|	MET|	MT|	btagjet1|	btagjet2
================================================================================================================================
1|	2808119|	6|	41.2946|	0.0368877 (0.523124, 1.00014, 0) |	86.8133|	61.9268|	62.819|	101.271|	17.9969|	
1|	2808133|	6|	57.876|	0.0150533 (0, 0.243057, 0.628165) |	57.1475|	52.8198|	42.7321|	84.9301|	7.651|	
1|	2808228|	6|	39.3956|	0.0467029 (0, 1.19301, 0.646878) |	75.6433|	56.757|	50.9739|	76.5302|	11.3664|	
1|	2808252|	6|	44.7825|	0.00722682 (0, 0.323635, 0) |	46.4559|	37.0794|	16.4438|	54.2676|	4.00868|	
1|	2808322|	6|	129.877|	0 (0, 0, 0) |	206.345|	54.5428|	44.7615|	47.2323|	18.7769|	
1|	2808350|	6|	47.8337|	0.0128622 (0, 0.615245, 0) |	78.2404|	54.0673|	32.8917|	68.9322|	8.14606|	
1|	2808421|	6|	29.3835|	0 (0, 0, 0) |	55.2017|	35.459|	58.1221|	82.6367|	17.1562|	
1|	3445461|	7|	23.4614|	0 (0, 0, 0) |	90.853|	54.9761|	43.6002|	52.8108|	6.54197|	
1|	3445499|	7|	24.3345|	0.0215969 (0, 0, 0.525552) |	116.204|	45.3836|	105.052|	62.7315|	5.64478|	
1|	3445964|	7|	46.5551|	0.0395515 (0.793688, 1.04764, 0) |	39.384|	38.6167|	30.2248|	71.1912|	4.00057|	
1|	3446054|	7|	35.9235|	0.0361759 (0, 1.29956, 0) |	79.4708|	36.8101|	57.8592|	57.5111|	13.3715|	
1|	3446074|	7|	36.1837|	0.0636997 (0, 1.79172, 0.513176) |	185.234|	153.481|	56.1569|	58.8723|	21.3734|	
1|	3095798|	7|	74.0356|	0.0592237 (2.41444, 1.27076, 0.699458) |	48.9368|	46.6146|	38.5395|	94.7087|	4.60764|	
1|	3095825|	7|	38.2604|	0.0720638 (0, 2.75719, 0) |	70.9354|	70.8677|	34.6056|	70.4254|	19.1822|	
1|	3095839|	7|	90.508|	0 (0, 0, 0) |	163.209|	54.3359|	62.0287|	60.1384|	15.5592|	
1|	3096002|	7|	61.6589|	0.0836654 (0.820817, 1.97229, 2.36561) |	46.6084|	44.6245|	30.5134|	86.3847|	3.93393|	
1|	3096297|	7|	63.1213|	0.0564487 (0.760722, 1.42723, 1.37516) |	152.54|	144.097|	74.2098|	133.251|	4.6134|	
1|	3096374|	7|	57.0043|	0.0271538 (0, 1.54788, 0) |	78.2518|	60.7396|	46.6042|	54.0092|	4.04578|	
1|	3279731|	7|	24.9005|	0.0570743 (0, 1.42118, 0) |	140.777|	60.9715|	102.413|	88.1737|	5.18591|	
1|	3279770|	7|	30.2407|	0.0542812 (0, 1.6415, 0) |	82.4175|	78.5736|	36.2327|	63.8447|	11.4191|	
1|	3279815|	7|	46.4524|	0.0851621 (1.80425, 2.15173, 0) |	54.2195|	49.251|	45.4489|	81.34|	18.0156|	
1|	3279831|	7|	37.5397|	0.00587489 (0, 0.220541, 0) |	49.9104|	31.9848|	77.1681|	106.837|	3.92146|	
1|	3279943|	7|	27.3865|	0 (0, 0, 0) |	53.3835|	34.2615|	75.7267|	68.8297|	9.70952|	
1|	3280213|	7|	20.5799|	0.133372 (1.86138, 0.883395, 0) |	85.446|	45.7672|	62.4427|	69.1285|	10.1519|	
1|	3280261|	7|	108.914|	0.008799 (0, 0.206176, 0.75216) |	61.0744|	39.2876|	44.6472|	128.895|	8.48871|	
1|	3905256|	8|	29.5371|	0.112206 (0, 0.318878, 2.99535) |	87.5046|	76.237|	59.1127|	81.5372|	14.3801|	
1|	3905426|	8|	69.6565|	0.00279232 (0, 0.194503, 0) |	33.3689|	32.7382|	43.9048|	110.361|	8.91409|	
1|	3905462|	8|	36.6967|	0.0271367 (0, 0.995828, 0) |	130.422|	118.08|	51.4705|	86.0231|	8.25216|	
1|	3905646|	8|	60.7895|	0.0154122 (0, 0.936898, 0) |	49.9608|	46.7999|	31.8673|	59.5431|	5.0137|	
1|	3905715|	8|	74.5594|	0.0840253 (0, 4.5781, 1.68678) |	59.9449|	31.2032|	74.1404|	114.981|	3.92619|	
1|	165237|	1|	29.9433|	0 (0, 0, 0) |	81.2026|	52.9347|	38.3196|	60.4916|	17.8582|	
1|	165264|	1|	33.1596|	0.120791 (1.90185, 1.16646, 0.937081) |	68.6776|	33.9093|	112.51|	99.2788|	4.97749|	
1|	165439|	1|	93.7794|	0 (0, 0, 0) |	44.1655|	40.9276|	40.5945|	65.9409|	11.8375|	
1|	165587|	1|	84.2006|	0.020811 (0, 0.825909, 0.926387) |	131.136|	56.0568|	25.4241|	77.7805|	13.9955|	
1|	1319039|	3|	35.8914|	0.0368032 (0, 0.581666, 0.739251) |	132.222|	109.36|	28.3487|	44.1702|	3.78413|	
1|	1319179|	3|	28.0261|	0.0131047 (0, 0.367273, 0) |	118.325|	105.299|	51.831|	73.4797|	4.38503|	
1|	1319335|	3|	23.3743|	0.0411139 (0.961009, 0, 0) |	98.1738|	92.2241|	95.099|	92.0514|	7.6466|	
1|	1319368|	3|	66.7185|	0 (0, 0, 0) |	52.8353|	32.0517|	47.0054|	94.5289|	13.8838|	
1|	1319501|	3|	21.7893|	0.0211144 (0, 0.460067, 0) |	57.3881|	44.2991|	92.868|	61.1628|	4.38261|	
1|	1319523|	3|	20.548|	0.0726935 (0.74901, 0.744694, 0) |	98.5148|	51.4813|	89.0814|	60.7386|	9.89174|	
1|	1072060|	3|	35.4103|	0 (0, 0, 0) |	54.5875|	43.4865|	30.0237|	64.9444|	5.11525|	
1|	1072137|	3|	45.5715|	0.0759479 (2.60256, 0.204607, 0.653896) |	88.4164|	54.2022|	39.7044|	82.2132|	4.95247|	
1|	1072367|	3|	70.0702|	0.0880958 (3.11954, 2.46954, 0.583819) |	55.6347|	48.2033|	15.074|	56.5363|	4.4176|	
1|	1072433|	3|	37.6685|	0.0170627 (0, 0, 0.642728) |	98.9923|	38.7584|	93.1551|	58.0061|	3.62433|	
1|	1072482|	3|	85.5294|	0.00929745 (0.795205, 0, 0) |	55.0481|	39.766|	43.6947|	97.9612|	3.93434|	
1|	1072535|	3|	35.7591|	0 (0, 0, 0) |	147.627|	76.7273|	97.1777|	61.6676|	15.6915|	
1|	3099151|	7|	30.9035|	0.00922688 (0, 0.285143, 0) |	86.916|	77.6214|	55.1396|	64.4215|	9.13917|	
1|	3099208|	7|	32.2034|	0 (0, 0, 0) |	109.538|	36.2479|	86.4468|	101.695|	4.29053|	
1|	3099406|	7|	31.7037|	0.0418138 (0, 1.32566, 0) |	80.635|	78.8488|	55.4821|	79.9362|	5.95559|	
1|	3099510|	7|	29.7492|	0.0545078 (0, 1.04231, 0.579256) |	99.0116|	31.2428|	87.5942|	88.2195|	5.63686|	
1|	3406484|	7|	46.522|	0.101405 (0, 3.06235, 1.65522) |	84.8196|	55.3388|	60.3871|	57.5371|	3.46728|	
1|	3406551|	7|	38.6899|	0 (0, 0, 0) |	47.3639|	32.9196|	52.596|	82.7455|	6.80785|	
1|	3406672|	7|	40.6861|	0.0373019 (1.51767, 0, 0) |	126.744|	117.893|	32.8594|	72.1912|	6.59014|	
1|	3406787|	7|	60.313|	0 (0, 0, 0) |	77.3393|	50.8069|	39.8018|	60.2484|	5.18388|	
1|	3406800|	7|	53.5209|	0 (0, 0, 0) |	49.4788|	32.5361|	19.1716|	63.9553|	5.36669|	
1|	3406858|	7|	37.5243|	0.0359182 (0, 1.34781, 0) |	123.481|	83.0253|	30.8292|	55.3755|	7.31639|	
1|	3406869|	7|	46.4399|	0.046389 (0, 1.4825, 0.671802) |	101.545|	93.9514|	57.2014|	89.9667|	8.29832|	
1|	3406902|	7|	32.782|	0 (0, 0, 0) |	56.9988|	55.731|	43.1967|	54.8419|	4.5591|	
1|	3407002|	7|	52.7687|	0.0310027 (0.929578, 0.706392, 0) |	115.367|	104.132|	52.4029|	102.294|	6.74376|	
1|	3407054|	7|	58.3249|	0.0180071 (0, 0.149852, 0.900412) |	122.386|	71.8439|	69.2602|	79.8784|	5.38732|	
1|	3447451|	7|	71.6225|	0.0596159 (0, 2.14277, 2.12707) |	77.9747|	55.0543|	56.5952|	74.9992|	6.04032|	
1|	3447641|	7|	38.8445|	0.0646964 (0, 1.43024, 1.08285) |	74.9311|	60.6111|	45.6723|	61.2785|	5.70278|	
1|	3447654|	7|	88.6744|	0.057625 (0.976886, 3.01659, 1.11639) |	69.6683|	39.3754|	30.783|	71.0324|	9.32855|	
1|	3447683|	7|	70.2425|	0.0428628 (0, 2.13938, 0.871416) |	53.6068|	32.1108|	48.2892|	78.8811|	6.48924|	
1|	3447713|	7|	41.9637|	0.0184972 (0.776209, 0, 0) |	69.1281|	65.0732|	47.5959|	65.0797|	10.9221|	
1|	3447924|	7|	20.9999|	0.0119399 (0, 0.250735, 0) |	51.6227|	33.2656|	71.7417|	68.6642|	8.13719|	
1|	3448007|	7|	53.8666|	0.0182643 (0, 0.983834, 0) |	71.0114|	48.6474|	45.8078|	68.4932|	4.80284|	
1|	3075615|	7|	70.7145|	0.0181449 (0, 1.28311, 0) |	83.6691|	56.5225|	32.9729|	85.712|	6.15278|	
1|	3075865|	7|	49.3187|	0.01927 (0, 0.950372, 0) |	51.0716|	38.8361|	18.8574|	46.4795|	11.7956|	
1|	3075921|	7|	58.9116|	0.0366461 (1.7985, 0.360375, 0) |	55.0859|	32.7229|	48.0289|	106.234|	20.0529|	
1|	3076011|	7|	53.9673|	0.11838 (1.52188, 4.86678, 0) |	54.5069|	47.7382|	64.845|	118.27|	13.4467|	
1|	3076064|	7|	35.405|	0.0505949 (0, 1.79131, 0) |	133.356|	97.3734|	49.2518|	82.0959|	11.5409|	
1|	3350243|	7|	57.7134|	0.0449762 (0, 2.59573, 0) |	68.2654|	43.5458|	37.4947|	45.9251|	3.71287|	
1|	3350279|	7|	27.9549|	0.0858379 (1.67315, 0, 0.726439) |	113.49|	59.3952|	87.8526|	78.333|	12.1956|	
1|	3350337|	7|	35.561|	0.0449268 (0.916195, 0.68145, 0) |	38.1783|	33.3678|	30.6087|	65.4371|	3.62166|	
1|	3350376|	7|	54.6623|	0.0312082 (0, 1.70591, 0) |	105.025|	100.845|	39.7085|	91.0594|	20.041|	
1|	3350410|	7|	53.4145|	0 (0, 0, 0) |	118.715|	88.794|	52.3953|	80.6499|	4.11729|	
1|	834315|	2|	28.151|	0 (0, 0, 0) |	79.155|	50.8127|	60.1141|	82.2744|	25.3686|	
1|	834341|	2|	36.4722|	0.0383163 (0.654845, 0, 0.742636) |	97.7993|	48.3128|	50.2708|	74.9859|	19.6585|	
1|	834362|	2|	70.2794|	0.0149572 (0, 1.05118, 0) |	154.439|	104.68|	33.8292|	82.0237|	8.45653|	
1|	834370|	2|	68.3141|	0.0765625 (3.97361, 1.25668, 0) |	88.2615|	52.5805|	12.7805|	59.04|	6.32725|	
1|	834706|	2|	47.0782|	0.080323 (0.803909, 1.27698, 1.70057) |	129.652|	77.0252|	42.2144|	52.1362|	46.8403|	
1|	834784|	2|	44.6832|	0.0563083 (0, 2.51603, 0) |	71.6183|	56.6418|	53.6682|	77.4424|	5.32482|	
1|	916775|	2|	51.2264|	0.0523788 (2.68318, 0, 0) |	83.0547|	59.1572|	16.2842|	55.6553|	6.3469|	
1|	916956|	2|	55.4378|	0 (0, 0, 0) |	116.31|	90.6844|	32.7413|	84.1264|	15.0851|	
1|	917022|	2|	34.8547|	0 (0, 0, 0) |	70.3185|	48.3409|	50.2274|	67.355|	19.2889|	
1|	917036|	2|	54.6072|	0.0153214 (0, 0.836659, 0) |	60.0364|	35.3962|	24.6129|	71.8112|	8.5549|	
1|	917122|	2|	35.5227|	0 (0, 0, 0) |	91.781|	32.3607|	106.207|	68.8898|	4.90826|	
1|	917196|	2|	36.7573|	0.0726164 (0, 1.30389, 1.3653) |	97.0723|	88.4645|	33.2506|	67.6197|	13.9632|	
1|	917203|	2|	102.158|	0.0558733 (0, 2.11621, 3.5917) |	102.149|	64.6674|	32.3308|	114.663|	9.4201|	
1|	2438181|	5|	97.0256|	0.017408 (1.12416, 0, 0.564858) |	90.4397|	38.94|	18.1257|	46.8268|	8.15029|	
1|	2438280|	5|	23.1825|	0.141429 (0, 1.65965, 1.61902) |	112.608|	88.809|	86.013|	89.2933|	5.2486|	
1|	2438489|	5|	61.9712|	0.0727852 (0.967379, 0.85263, 2.69058) |	73.527|	70.1862|	30.3331|	75.0182|	5.39574|	
1|	2438516|	5|	34.263|	0.0355762 (0, 0.671604, 0.547344) |	119.999|	72.9139|	52.4528|	84.1371|	10.3726|	
1|	2150026|	5|	32.5037|	0.0382288 (0, 0.675035, 0.567544) |	53.2166|	41.4676|	61.5705|	80.6604|	15.4996|	
1|	2150290|	5|	40.0045|	0.0249666 (0, 0.998776, 0) |	92.0115|	52.2541|	46.1459|	62.6912|	14.9431|	
1|	2150339|	5|	29.085|	0.00895373 (0, 0.260419, 0) |	50.0255|	41.3277|	44.0882|	71.0597|	3.70087|	
1|	2150419|	5|	55.5542|	0.00615927 (0, 0.342174, 0) |	57.1672|	46.6224|	35.9551|	87.896|	4.06446|	
1|	2244279|	5|	53.1431|	0.0152664 (0, 0.811303, 0) |	97.0586|	72.7617|	16.1909|	58.5509|	13.5349|	
1|	2244333|	5|	31.1796|	0.0528476 (0, 0.802525, 0.845243) |	76.3873|	54.7814|	34.6356|	58.8784|	5.80344|	
1|	2244428|	5|	44.8764|	0.0170866 (0.766788, 0, 0) |	67.4279|	38.4673|	28.8717|	65.5069|	3.44791|	
1|	2244598|	5|	24.2086|	0.0867199 (0, 1.57659, 0.522779) |	56.4282|	41.4439|	84.596|	82.4571|	4.01462|	
1|	2244804|	5|	84.8202|	0.0236708 (0, 0, 2.00776) |	117.456|	50.1364|	83.8594|	74.3406|	4.55883|	
1|	2244810|	5|	41.6458|	0 (0, 0, 0) |	92.6755|	51.3977|	42.2454|	78.3967|	4.39061|	
1|	2244867|	5|	42.0723|	0.0111126 (0, 0.467533, 0) |	58.6405|	50.8513|	55.831|	72.9979|	8.99345|	
1|	2450415|	5|	28.5262|	0.0781765 (0, 1.27369, 0.95639) |	79.6016|	61.6518|	66.8071|	87.0834|	5.4601|	
1|	2450607|	5|	36.6774|	0 (0, 0, 0) |	62.8028|	41.3244|	55.0651|	75.2955|	8.00356|	
1|	2450640|	5|	27.2894|	0.0256705 (0, 0, 0.700535) |	57.7639|	46.9833|	80.3262|	47.8783|	3.44248|	
1|	2450703|	5|	38.3617|	0 (0, 0, 0) |	53.285|	33.5621|	14.3462|	40.8242|	9.34955|	
1|	2450717|	5|	64.6213|	0.0531901 (3.43721, 0, 0) |	69.1704|	31.4641|	36.2578|	73.5665|	4.55688|	
1|	2450835|	5|	44.3102|	0.0533888 (0, 2.36567, 0) |	115.969|	89.8567|	42.9293|	77.2017|	6.30377|	
1|	2469881|	5|	34.3749|	0.0191973 (0, 0.659904, 0) |	161.215|	140.909|	44.4112|	77.2544|	7.10743|	
1|	2469887|	5|	35.8696|	0.0401979 (0, 0, 1.44188) |	56.3204|	46.7729|	34.5919|	63.6327|	3.54715|	
1|	2469979|	5|	49.6083|	0.0531873 (1.35149, 1.28704, 0) |	37.6758|	35.417|	34.3382|	79.6902|	6.01246|	
1|	2482156|	5|	38.9077|	0.0644578 (0, 1.80343, 0.704476) |	101.839|	80.1968|	40.5165|	45.3847|	23.162|	
1|	2482248|	5|	27.633|	0.0251358 (0, 0.694577, 0) |	82.6643|	41.0737|	110.077|	81.5547|	22.6415|	
1|	2482270|	5|	58.5338|	0.0208877 (0, 1.22264, 0) |	58.1883|	56.2004|	39.2068|	65.3053|	7.06831|	
1|	2482313|	5|	24.9238|	0.119731 (0, 2.38407, 0.600087) |	47.5871|	30.063|	44.3143|	49.6874|	6.74075|	
1|	2482344|	5|	55.5735|	0.0312468 (0, 1.73649, 0) |	107.19|	96.8839|	54.2172|	88.9528|	3.57752|	
1|	2482503|	5|	25.7422|	0.0970605 (0.836192, 1.66236, 0) |	61.7794|	48.7821|	25.6157|	50.8071|	5.48035|	
1|	2482509|	5|	88.6605|	0.0240974 (1.91836, 0.218129, 0) |	38.9395|	34.8391|	40.1771|	105.229|	7.67845|	
1|	2482524|	5|	43.3913|	0.0163655 (0, 0.71012, 0) |	173.91|	73.3224|	120.24|	78.5399|	4.31262|	
1|	2482645|	5|	31.8455|	0.11246 (0.933505, 0.26504, 2.38279) |	206.605|	43.6782|	157.537|	69.0643|	10.0685|	
1|	2482652|	5|	108.294|	0.00568503 (0, 0.615654, 0) |	136.518|	59.2214|	51.4618|	85.2735|	18.8866|	
1|	2482692|	5|	56.8684|	0.00985072 (0, 0.560194, 0) |	128.985|	32.9082|	85.1841|	76.4491|	10.8182|	
1|	2482738|	5|	75.0351|	0.0196338 (0, 1.47322, 0) |	78.277|	55.7906|	53.1616|	75.6659|	7.12424|	
1|	2482775|	5|	63.5181|	0 (0, 0, 0) |	86.2535|	82.1934|	37.1029|	83.1247|	4.39008|	
1|	2482782|	5|	52.0831|	0.068718 (0, 1.59844, 1.9806) |	53.6479|	45.23|	26.7269|	73.4194|	5.17155|	
1|	2078582|	5|	31.4464|	0.0570537 (0, 1.79413, 0) |	112.104|	95.7013|	13.6049|	41.3462|	6.57618|	
1|	2078914|	5|	72.6609|	0.00806535 (0, 0.586035, 0) |	173.744|	126.322|	36.6574|	85.1911|	4.68895|	
1|	2078953|	5|	28.4082|	0.0657899 (0, 1.86897, 0) |	87.7731|	51.6519|	97.4568|	82.9605|	10.706|	
1|	2078961|	5|	44.1749|	0.132373 (1.67506, 1.59985, 2.57267) |	77.7956|	50.8458|	70.3951|	97.593|	12.6273|	
1|	2078965|	5|	45.2241|	0 (0, 0, 0) |	80.3335|	77.8316|	63.3757|	96.0382|	3.57899|	
1|	2079111|	5|	43.9189|	0.0370376 (0, 0.255452, 1.3712) |	71.801|	50.6711|	45.882|	86.2913|	8.21277|	
1|	2533525|	6|	33.611|	0.0506148 (1.70121, 0, 0) |	145.286|	109.126|	43.7583|	76.3276|	14.1263|	
1|	2533604|	6|	23.0894|	0.0768342 (0.759811, 0.30476, 0.709487) |	97.4078|	63.5184|	39.6925|	60.5443|	5.57508|	
1|	2533891|	6|	26.6647|	0 (0, 0, 0) |	42.622|	32.5697|	42.1153|	57.1438|	3.97131|	
1|	2533974|	6|	53.1331|	0.0216795 (1.1519, 0, 0) |	111.777|	68.9261|	54.7257|	96.5627|	6.21278|	
1|	2766212|	6|	21.4031|	0.0912142 (0, 1.95227, 0) |	49.9333|	38.6819|	73.2928|	57.1033|	3.49585|	
1|	2766306|	6|	86.0763|	0.00496216 (0, 0.427124, 0) |	57.7429|	38.7346|	42.5537|	101.531|	4.46266|	
1|	2766755|	6|	41.2144|	0.0146302 (0.602974, 0, 0) |	74.4903|	34.2984|	28.4709|	57.5222|	9.03702|	
1|	2766793|	6|	26.9793|	0.0562087 (0.851353, 0.665119, 0) |	113.444|	50.3807|	98.9329|	76.0433|	4.50622|	
1|	2614152|	6|	39.1366|	0.0948684 (1.9554, 1.2466, 0.510828) |	67.8092|	39.6345|	57.5119|	71.3125|	7.06088|	
1|	2614157|	6|	30.9108|	0.0252056 (0, 0.779124, 0) |	130.966|	111.887|	29.7053|	60.6002|	6.6132|	
1|	2614228|	6|	28.7981|	0.0283273 (0, 0.815771, 0) |	46.3194|	41.0508|	37.625|	49.626|	4.57893|	
1|	2614268|	6|	24.8444|	0 (0, 0, 0) |	58.7525|	45.312|	47.9335|	68.8457|	4.86135|	
1|	2614400|	6|	56.6841|	0 (0, 0, 0) |	64.4586|	49.2458|	70.162|	77.0795|	8.03017|	
1|	2614478|	6|	54.5805|	0.0680862 (0, 1.10342, 2.61276) |	104.819|	31.6242|	51.9946|	70.4128|	44.2223|	
1|	2687557|	6|	23.7338|	0.0617184 (0, 1.46481, 0) |	90.3126|	56.6934|	37.9186|	55.4448|	5.43538|	
1|	2687823|	6|	41.984|	0.0467708 (1.31547, 0.648157, 0) |	112.905|	89.201|	37.6192|	72.6638|	14.9397|	
1|	2687831|	6|	26.9081|	0.0364847 (0.771144, 0.21059, 0) |	86.8142|	70.0155|	61.2092|	79.4449|	3.72144|	
1|	2687849|	6|	49.2545|	0.0910154 (0.699989, 3.78293, 0) |	65.0232|	43.4276|	35.9607|	84.1583|	7.83015|	
1|	2687884|	6|	26.8991|	0.136843 (0.845901, 1.88665, 0.948402) |	53.9819|	34.0752|	77.9754|	89.637|	7.13061|	
1|	2687897|	6|	40.1502|	0.0312542 (0, 1.25486, 0) |	97.0769|	82.0988|	47.4485|	87.0662|	3.78617|	
1|	2687925|	6|	28.8462|	0.0468522 (0, 0.560776, 0.790733) |	327.583|	225.137|	105.217|	77.1448|	12.2495|	
1|	3868187|	8|	51.3307|	0.00513984 (0, 0.263831, 0) |	58.2987|	39.1581|	55.218|	69.7725|	8.05163|	
1|	3868223|	8|	23.4768|	0.0755269 (0, 0.517042, 1.25609) |	104.404|	44.7386|	107.186|	89.5328|	3.65492|	
1|	3868388|	8|	79.8856|	0.0131879 (0, 1.05353, 0) |	158.787|	52.6447|	18.8088|	55.9667|	7.27218|	
1|	3868686|	8|	29.3246|	0.0242584 (0, 0, 0.711366) |	51.4404|	42.8651|	63.7043|	45.3325|	4.82809|	
1|	3868688|	8|	88.6742|	0 (0, 0, 0) |	210.421|	31.7295|	144.701|	58.3125|	5.20437|	
1|	3868736|	8|	35.7837|	0.024472 (0, 0.8757, 0) |	52.2633|	47.7357|	30.5236|	43.4826|	7.73191|	
1|	3868783|	8|	78.0557|	0.0244539 (0, 1.90877, 0) |	105.452|	33.9851|	22.5051|	72.527|	6.47599|	
1|	3816240|	8|	86.1431|	0.00627173 (0, 0.540266, 0) |	125.662|	92.6571|	24.0473|	67.0546|	5.42623|	
1|	3816262|	8|	36.2426|	0 (0, 0, 0) |	59.4346|	42.6132|	30.5414|	47.8263|	9.3309|	
1|	3816276|	8|	52.2042|	0 (0, 0, 0) |	93.7219|	52.3244|	22.1332|	58.1843|	9.88757|	
1|	3816403|	8|	27.2717|	0.126534 (0.946607, 1.86057, 0.643621) |	79.2556|	75.265|	63.8004|	82.9302|	12.4607|	
1|	3816411|	8|	40.9345|	0.0722265 (0, 2.95656, 0) |	67.986|	61.3912|	39.1501|	78.8562|	6.06982|	
1|	3816414|	8|	29.1371|	0.013336 (0, 0.388572, 0) |	62.8526|	49.6613|	68.0019|	71.4815|	8.11168|	
1|	3816464|	8|	89.2962|	0.0319688 (0.87607, 1.97862, 0) |	43.2061|	40.6897|	25.6865|	59.8051|	5.28199|	
1|	3816598|	8|	60.6853|	0.0115026 (0, 0, 0.698037) |	42.2982|	35.5127|	45.4566|	78.6639|	10.236|	
1|	3816620|	8|	76.9365|	0.0575642 (0, 4.42879, 0) |	156.481|	103.005|	28.2791|	86.4108|	7.40909|	
1|	3816674|	8|	58.6308|	0 (0, 0, 0) |	73.4138|	45.8416|	74.275|	103.254|	4.4562|	
1|	3816704|	8|	36.5931|	0.0689716 (0, 2.52389, 0) |	54.8066|	37.6939|	30.5529|	62.8625|	17.4015|	
1|	3771439|	8|	46.847|	0 (0, 0, 0) |	190.369|	140.139|	54.9381|	41.671|	11.4752|	
1|	3771483|	8|	49.5431|	0.0884311 (0, 3.82224, 0.558913) |	80.5707|	39.8582|	30.3376|	58.7853|	9.21371|	
1|	3771486|	8|	70.0442|	0.00854497 (0, 0.598526, 0) |	51.326|	36.9522|	50.4582|	69.5236|	9.1968|	
1|	3771510|	8|	49.3416|	0.00399287 (0, 0.197015, 0) |	53.1157|	31.6957|	73.3285|	113.208|	8.93635|	
1|	3771611|	8|	126.342|	0.021615 (1.90753, 0.823364, 0) |	225.619|	71.7214|	53.1404|	41.4835|	8.96744|	
1|	3771653|	8|	34.6649|	0.00496815 (0, 0.17222, 0) |	73.3364|	70.487|	32.231|	65.4427|	9.58085|	
1|	3771697|	8|	74.9763|	0.056688 (0.82406, 1.3198, 2.10639) |	83.6739|	80.5117|	55.4599|	78.9367|	8.31625|	
1|	3771723|	8|	43.9241|	0.0251089 (0.528095, 0, 0.574792) |	98.977|	37.7562|	16.8773|	52.8626|	19.7677|	
1|	3771871|	8|	36.3499|	0.096817 (0.853671, 2.66562, 0) |	70.8023|	58.5491|	92.505|	65.6538|	3.54488|	
1|	3817763|	8|	56.8787|	0.0649083 (0, 3.6919, 0) |	77.2737|	76.24|	24.2125|	52.6512|	6.0066|	


