Exactly one tight muon:
------------------------------------------------------------------------------------
Initial	Scrap	HEHB	Trigger	PV	Muon	LMVeto	LEVeto	Jet	MT	bTag

19069	19069	0	1444	1442	1185	0	0	0	0	0
------------------------------------------------------------------------------------

RunNumber|	EventNumber|	LumiBlock|	ptLepton|	relIso|	ptjet1|	ptjet2|	MET|	MT|	btagjet1|	btagjet2
================================================================================================================================
1|	2807840|	6|	26.6473|	0.100064 (0, 1.19311, 1.47333) |	|	|				
1|	2807843|	6|	82.7322|	0.0124639 (0, 0.364847, 0.666321) |	|	|				
1|	2807854|	6|	39.2719|	0.058541 (0, 1.5798, 0.719215) |	|	|				
1|	2807861|	6|	42.4721|	0.0073817 (0, 0.313516, 0) |	|	|				
1|	2807862|	6|	81.0498|	0.00475099 (0, 0.385067, 0) |	|	|				
1|	2807877|	6|	84.9304|	0.0230115 (0, 1.95437, 0) |	|	|				
1|	2807882|	6|	126.83|	0.00377139 (0, 0.478327, 0) |	|	|				
1|	2807888|	6|	51.9015|	0.0477942 (0, 2.48059, 0) |	|	|				
1|	2807891|	6|	25.7188|	0.0661885 (0.759787, 0, 0.942503) |	|	|				
1|	2807910|	6|	26.8292|	0.0126563 (0, 0.339558, 0) |	|	|				
1|	2807933|	6|	22.5054|	0 (0, 0, 0) |	|	|				
1|	2807942|	6|	59.4554|	0.00774298 (0, 0.460362, 0) |	|	|				
1|	2807952|	6|	51.097|	0 (0, 0, 0) |	|	|				
1|	2807992|	6|	44.8944|	0.104466 (0.810093, 2.83681, 1.04306) |	|	|				
1|	2807995|	6|	29.0387|	0.0623361 (0.55992, 0.135222, 1.11501) |	|	|				
1|	2808051|	6|	34.708|	0.100355 (3.48313, 0, 0) |	|	|				
1|	2808060|	6|	51.7224|	0 (0, 0, 0) |	|	|				
1|	2808082|	6|	86.3802|	0.0383492 (2.12901, 1.1836, 0) |	|	|				
1|	2808119|	6|	41.2946|	0.0368877 (0.523124, 1.00014, 0) |	|	|				
1|	2808130|	6|	59.6105|	0.0175985 (0, 0.519364, 0.529689) |	|	|				
1|	2808133|	6|	57.876|	0.0150533 (0, 0.243057, 0.628165) |	|	|				
1|	2808197|	6|	50.8052|	0.0572585 (0, 1.28765, 1.62138) |	|	|				
1|	2808198|	6|	20.3952|	0 (0, 0, 0) |	|	|				
1|	2808215|	6|	48.3096|	0.0820892 (3.03884, 0, 0.92686) |	|	|				
1|	2808228|	6|	39.3956|	0.0467029 (0, 1.19301, 0.646878) |	|	|				
1|	2808252|	6|	44.7825|	0.00722682 (0, 0.323635, 0) |	|	|				
1|	2808258|	6|	44.9965|	0 (0, 0, 0) |	|	|				
1|	2808313|	6|	22.129|	0.0971035 (0.732191, 0.90784, 0.508766) |	|	|				
1|	2808322|	6|	129.877|	0 (0, 0, 0) |	|	|				
1|	2808344|	6|	86.2951|	0.0290968 (0, 0.980668, 1.53024) |	|	|				
1|	2808350|	6|	47.8337|	0.0128622 (0, 0.615245, 0) |	|	|				
1|	2808359|	6|	79.5126|	0.00880586 (0, 0.700177, 0) |	|	|				
1|	2808379|	6|	38.5657|	0.0321423 (0, 0.529543, 0.710044) |	|	|				
1|	2808396|	6|	47.6949|	0.0796835 (2.49114, 1.30936, 0) |	|	|				
1|	2808404|	6|	58.983|	0.021224 (0, 0.475525, 0.776332) |	|	|				
1|	2808421|	6|	29.3835|	0 (0, 0, 0) |	|	|				
1|	3445461|	7|	23.4614|	0 (0, 0, 0) |	|	|				
1|	3445499|	7|	24.3345|	0.0215969 (0, 0, 0.525552) |	|	|				
1|	3445506|	7|	86.6423|	0.0767021 (4.16406, 0.501655, 1.97994) |	|	|				
1|	3445520|	7|	31.3578|	0 (0, 0, 0) |	|	|				
1|	3445563|	7|	25.7831|	0.10104 (0, 0.795834, 1.80928) |	|	|				
1|	3445581|	7|	74.6772|	0.0588925 (1.69015, 1.1586, 1.54917) |	|	|				
1|	3445604|	7|	29.9912|	0.0571168 (0, 1.14448, 0.56852) |	|	|				
1|	3445609|	7|	49.4811|	0 (0, 0, 0) |	|	|				
1|	3445694|	7|	21.0059|	0.0573145 (1.20394, 0, 0) |	|	|				
1|	3445702|	7|	34.8197|	0.0366229 (1.2752, 0, 0) |	|	|				
1|	3445763|	7|	41.3793|	0.0563245 (0, 0.400865, 1.9298) |	|	|				
1|	3445770|	7|	60.2348|	0.0202239 (0.579217, 0.638966, 0) |	|	|				
1|	3445820|	7|	25.593|	0.0722355 (1.84872, 0, 0) |	|	|				
1|	3445830|	7|	20.5702|	0.00741319 (0, 0.152491, 0) |	|	|				
1|	3445854|	7|	81.6492|	0.0147271 (1.20246, 0, 0) |	|	|				
1|	3445869|	7|	52.8584|	0.00823168 (0, 0.435113, 0) |	|	|				
1|	3445874|	7|	79.8519|	0.0624072 (0, 3.92371, 1.05962) |	|	|				
1|	3445889|	7|	84.9884|	0.00521774 (0, 0.443447, 0) |	|	|				
1|	3445916|	7|	50.5336|	0.0250094 (0, 1.26381, 0) |	|	|				
1|	3445964|	7|	46.5551|	0.0395515 (0.793688, 1.04764, 0) |	|	|				
1|	3445997|	7|	30.3595|	0.099583 (1.57312, 0, 1.45017) |	|	|				
1|	3446010|	7|	63.4414|	0.031478 (0, 0, 1.99701) |	|	|				
1|	3446018|	7|	52.8951|	0.0738951 (3.60721, 0.301479, 0) |	|	|				
1|	3446021|	7|	25.8663|	0.0652513 (0, 1.68781, 0) |	|	|				
1|	3446042|	7|	31.2052|	0.0111056 (0, 0.346553, 0) |	|	|				
1|	3446051|	7|	34.6138|	0.0395433 (0, 0, 1.36874) |	|	|				
1|	3446054|	7|	35.9235|	0.0361759 (0, 1.29956, 0) |	|	|				
1|	3446074|	7|	36.1837|	0.0636997 (0, 1.79172, 0.513176) |	|	|				
1|	3446091|	7|	36.7212|	0.0327678 (0, 1.20327, 0) |	|	|				
1|	3446095|	7|	21.7049|	0.0406562 (0, 0.88244, 0) |	|	|				
1|	3095798|	7|	74.0356|	0.0592237 (2.41444, 1.27076, 0.699458) |	|	|				
1|	3095809|	7|	37.8161|	0.021863 (0, 0.826774, 0) |	|	|				
1|	3095812|	7|	42.5184|	0 (0, 0, 0) |	|	|				
1|	3095825|	7|	38.2604|	0.0720638 (0, 2.75719, 0) |	|	|				
1|	3095839|	7|	90.508|	0 (0, 0, 0) |	|	|				
1|	3095847|	7|	30.4166|	0.0235109 (0, 0, 0.715119) |	|	|				
1|	3095855|	7|	25.4331|	0 (0, 0, 0) |	|	|				
1|	3095869|	7|	37.1319|	0.0379683 (0.698339, 0.711498, 0) |	|	|				
1|	3095886|	7|	74.5213|	0.00494372 (0, 0.368412, 0) |	|	|				
1|	3095894|	7|	28.2645|	0.00656989 (0, 0.185695, 0) |	|	|				
1|	3095911|	7|	58.3556|	0.0367235 (0, 1.36929, 0.773733) |	|	|				
1|	3095960|	7|	26.7673|	0.121973 (0, 0.970246, 2.29465) |	|	|				
1|	3095977|	7|	56.1007|	0.016106 (0, 0.903557, 0) |	|	|				
1|	3095980|	7|	50.3215|	0 (0, 0, 0) |	|	|				
1|	3096002|	7|	61.6589|	0.0836654 (0.820817, 1.97229, 2.36561) |	|	|				
1|	3096005|	7|	54.6494|	0.0108815 (0, 0.594667, 0) |	|	|				
1|	3096064|	7|	30.6798|	0.0604277 (0, 1.85391, 0) |	|	|				
1|	3096070|	7|	72.409|	0.0801856 (0, 4.64942, 1.15675) |	|	|				
1|	3096081|	7|	49.9398|	0 (0, 0, 0) |	|	|				
1|	3096094|	7|	20.4862|	0 (0, 0, 0) |	|	|				
1|	3096104|	7|	22.9973|	0.0223476 (0, 0.513936, 0) |	|	|				
1|	3096130|	7|	27.4121|	0.0320241 (0, 0, 0.877847) |	|	|				
1|	3096157|	7|	40.7604|	0.0392879 (0.983306, 0.618085, 0) |	|	|				
1|	3096171|	7|	20.8187|	0.0917952 (0, 1.91106, 0) |	|	|				
1|	3096216|	7|	35.1832|	0.0764204 (1.20782, 1.48089, 0) |	|	|				
1|	3096226|	7|	37.8666|	0.0148956 (0, 0, 0.564044) |	|	|				
1|	3096243|	7|	42.24|	0.0398846 (1.68473, 0, 0) |	|	|				
1|	3096247|	7|	36.088|	0.0613524 (0, 1.69292, 0.521159) |	|	|				
1|	3096251|	7|	28.497|	0.0291046 (0, 0.829395, 0) |	|	|				
1|	3096252|	7|	43.9834|	0.0448891 (1.17065, 0.803728, 0) |	|	|				
1|	3096292|	7|	53.8778|	0 (0, 0, 0) |	|	|				
1|	3096297|	7|	63.1213|	0.0564487 (0.760722, 1.42723, 1.37516) |	|	|				
1|	3096308|	7|	33.1911|	0.0170443 (0.56572, 0, 0) |	|	|				
1|	3096318|	7|	54.1681|	0.0529585 (0, 1.82797, 1.04069) |	|	|				
1|	3096359|	7|	38.4001|	0.0357357 (0, 0.765994, 0.60626) |	|	|				
1|	3096374|	7|	57.0043|	0.0271538 (0, 1.54788, 0) |	|	|				
1|	3279726|	7|	32.9009|	0.0807059 (0, 2.6553, 0) |	|	|				
1|	3279731|	7|	24.9005|	0.0570743 (0, 1.42118, 0) |	|	|				
1|	3279743|	7|	47.5442|	0.0146287 (0, 0.695509, 0) |	|	|				
1|	3279767|	7|	35.2107|	0.0164549 (0, 0, 0.579389) |	|	|				
1|	3279770|	7|	30.2407|	0.0542812 (0, 1.6415, 0) |	|	|				
1|	3279779|	7|	26.3078|	0 (0, 0, 0) |	|	|				
1|	3279799|	7|	21.9132|	0.142209 (0, 3.11627, 0) |	|	|				
1|	3279815|	7|	46.4524|	0.0851621 (1.80425, 2.15173, 0) |	|	|				
1|	3279831|	7|	37.5397|	0.00587489 (0, 0.220541, 0) |	|	|				
1|	3279834|	7|	20.2982|	0.0310231 (0, 0.629713, 0) |	|	|				
1|	3279837|	7|	32.3691|	0.0744758 (0, 1.89765, 0.513061) |	|	|				
1|	3279852|	7|	59.4392|	0.0815512 (0, 4.12751, 0.719821) |	|	|				
1|	3279886|	7|	64.433|	0.0284895 (0.803437, 1.03223, 0) |	|	|				
1|	3279906|	7|	51.01|	0.0273024 (0, 1.39269, 0) |	|	|				
1|	3279909|	7|	35.9855|	0.0888782 (0, 0.215049, 2.98327) |	|	|				
1|	3279939|	7|	40.9017|	0.0689643 (1.57017, 1.25058, 0) |	|	|				
1|	3279940|	7|	61.8252|	0 (0, 0, 0) |	|	|				
1|	3279943|	7|	27.3865|	0 (0, 0, 0) |	|	|				
1|	3279972|	7|	41.7497|	0.0590315 (0, 1.24253, 1.22202) |	|	|				
1|	3279998|	7|	63.6564|	0.0224393 (0, 1.4284, 0) |	|	|				
1|	3280015|	7|	79.9392|	0.0302702 (0, 0.607662, 1.81211) |	|	|				
1|	3280040|	7|	82.0193|	0 (0, 0, 0) |	|	|				
1|	3280073|	7|	53.6145|	0.0625617 (0, 1.60164, 1.75257) |	|	|				
1|	3280087|	7|	58.1523|	0.00716946 (0, 0.416921, 0) |	|	|				
1|	3280096|	7|	28.2094|	0.0689785 (0, 0, 1.94584) |	|	|				
1|	3280142|	7|	57.7111|	0.00894491 (0, 0.51622, 0) |	|	|				
1|	3280146|	7|	22.732|	0 (0, 0, 0) |	|	|				
1|	3280162|	7|	28.4982|	0 (0, 0, 0) |	|	|				
1|	3280178|	7|	90.5607|	0 (0, 0, 0) |	|	|				
1|	3280179|	7|	36.7143|	0.0104462 (0, 0.383525, 0) |	|	|				
1|	3280182|	7|	26.7261|	0.127469 (0, 2.18192, 1.22485) |	|	|				
1|	3280203|	7|	46.1651|	0.0216085 (0, 0.410438, 0.587119) |	|	|				
1|	3280213|	7|	20.5799|	0.133372 (1.86138, 0.883395, 0) |	|	|				
1|	3280221|	7|	59.769|	0.0398668 (0, 1.12619, 1.25661) |	|	|				
1|	3280256|	7|	23.1624|	0.055668 (0, 1.2894, 0) |	|	|				
1|	3280261|	7|	108.914|	0.008799 (0, 0.206176, 0.75216) |	|	|				
1|	3280269|	7|	22.7521|	0.0889088 (0, 0, 2.02287) |	|	|				
1|	3280270|	7|	53.595|	0 (0, 0, 0) |	|	|				
1|	3280273|	7|	27.592|	0 (0, 0, 0) |	|	|				
1|	3280282|	7|	22.6992|	0 (0, 0, 0) |	|	|				
1|	3280316|	7|	34.6624|	0.00999937 (0, 0.346602, 0) |	|	|				
1|	3280347|	7|	58.0665|	0 (0, 0, 0) |	|	|				
1|	3905247|	8|	25.2831|	0 (0, 0, 0) |	|	|				
1|	3905256|	8|	29.5371|	0.112206 (0, 0.318878, 2.99535) |	|	|				
1|	3905283|	8|	40.9423|	0.0740319 (0, 1.85245, 1.17859) |	|	|				
1|	3905286|	8|	33.72|	0 (0, 0, 0) |	|	|				
1|	3905290|	8|	353.596|	0.00278664 (0.985346, 0, 0) |	|	|				
1|	3905291|	8|	20.6971|	0.0236142 (0, 0.488745, 0) |	|	|				
1|	3905350|	8|	40.8069|	0.0571498 (0, 2.3321, 0) |	|	|				
1|	3905374|	8|	69.7948|	0.0427573 (0, 1.52308, 1.46115) |	|	|				
1|	3905406|	8|	48.2824|	0.0384135 (0, 1.85469, 0) |	|	|				
1|	3905411|	8|	35.5224|	0.111724 (0, 3.208, 0.76071) |	|	|				
1|	3905422|	8|	26.5115|	0.00741913 (0, 0.196692, 0) |	|	|				
1|	3905426|	8|	69.6565|	0.00279232 (0, 0.194503, 0) |	|	|				
1|	3905428|	8|	27.2938|	0 (0, 0, 0) |	|	|				
1|	3905438|	8|	78.3186|	0.0223411 (0, 1.03096, 0.718771) |	|	|				
1|	3905462|	8|	36.6967|	0.0271367 (0, 0.995828, 0) |	|	|				
1|	3905474|	8|	28.6396|	0.0619256 (0, 0.400382, 1.37314) |	|	|				
1|	3905479|	8|	62.715|	0.0214389 (0, 0.628482, 0.716059) |	|	|				
1|	3905508|	8|	44.4095|	0 (0, 0, 0) |	|	|				
1|	3905516|	8|	25.2052|	0.0489024 (0, 1.2326, 0) |	|	|				
1|	3905544|	8|	48.1635|	0.00408866 (0, 0.196924, 0) |	|	|				
1|	3905551|	8|	57.4905|	0.0194489 (0, 1.11813, 0) |	|	|				
1|	3905625|	8|	22.0067|	0.0419548 (0, 0, 0.923289) |	|	|				
1|	3905632|	8|	44.9249|	0.0916394 (0, 3.08677, 1.03012) |	|	|				
1|	3905646|	8|	60.7895|	0.0154122 (0, 0.936898, 0) |	|	|				
1|	3905653|	8|	35.1787|	0.00340537 (0, 0.119797, 0) |	|	|				
1|	3905655|	8|	52.5619|	0 (0, 0, 0) |	|	|				
1|	3905661|	8|	42.2652|	0 (0, 0, 0) |	|	|				
1|	3905673|	8|	28.9672|	0 (0, 0, 0) |	|	|				
1|	3905691|	8|	32.6346|	0.0172528 (0, 0, 0.563037) |	|	|				
1|	3905715|	8|	74.5594|	0.0840253 (0, 4.5781, 1.68678) |	|	|				
1|	3905724|	8|	38.9062|	0.0341723 (0, 1.32951, 0) |	|	|				
1|	3905749|	8|	64.24|	0 (0, 0, 0) |	|	|				
1|	3905756|	8|	30.5123|	0.0265094 (0, 0.0763766, 0.732485) |	|	|				
1|	3905833|	8|	42.9978|	0.0572473 (0, 2.46151, 0) |	|	|				
1|	165105|	1|	63.4219|	0.0619171 (0, 3.37788, 0.549022) |	|	|				
1|	165134|	1|	25.1077|	0.0798269 (0, 2.00427, 0) |	|	|				
1|	165155|	1|	30.1345|	0 (0, 0, 0) |	|	|				
1|	165168|	1|	104.845|	0.0180688 (0, 1.89442, 0) |	|	|				
1|	165181|	1|	80.6216|	0.024576 (1.29019, 0, 0.691161) |	|	|				
1|	165209|	1|	53.9436|	0.019144 (0, 1.03269, 0) |	|	|				
1|	165222|	1|	36.9096|	0.0515839 (0, 1.90394, 0) |	|	|				
1|	165227|	1|	34.7316|	0 (0, 0, 0) |	|	|				
1|	165237|	1|	29.9433|	0 (0, 0, 0) |	|	|				
1|	165239|	1|	43.3233|	0.0681722 (0, 2.95345, 0) |	|	|				
1|	165259|	1|	38.1887|	0.0924938 (0, 3.53222, 0) |	|	|				
1|	165264|	1|	33.1596|	0.120791 (1.90185, 1.16646, 0.937081) |	|	|				
1|	165324|	1|	46.7385|	0.0427635 (0, 1.4592, 0.539504) |	|	|				
1|	165329|	1|	41.4323|	0 (0, 0, 0) |	|	|				
1|	165331|	1|	26.5834|	0.02504 (0, 0.665647, 0) |	|	|				
1|	165357|	1|	26.1785|	0.0139297 (0, 0.364659, 0) |	|	|				
1|	165360|	1|	28.659|	0.0422458 (0, 1.21072, 0) |	|	|				
1|	165373|	1|	24.3556|	0.0259352 (0, 0.631668, 0) |	|	|				
1|	165391|	1|	32.4774|	0.0817674 (0, 1.82608, 0.829518) |	|	|				
1|	165412|	1|	33.8888|	0 (0, 0, 0) |	|	|				
1|	165439|	1|	93.7794|	0 (0, 0, 0) |	|	|				
1|	165443|	1|	58.9053|	0.00158632 (0, 0.0934427, 0) |	|	|				
1|	165478|	1|	21.7324|	0.0853745 (0, 0.563975, 1.29142) |	|	|				
1|	165489|	1|	22.6186|	0.104953 (0, 1.8024, 0.57149) |	|	|				
1|	165498|	1|	21.3083|	0.0170688 (0, 0.363707, 0) |	|	|				
1|	165520|	1|	31.0576|	0.0269947 (0, 0.83839, 0) |	|	|				
1|	165587|	1|	84.2006|	0.020811 (0, 0.825909, 0.926387) |	|	|				
1|	165612|	1|	25.6579|	0 (0, 0, 0) |	|	|				
1|	165637|	1|	33.0392|	0.0190242 (0, 0.628545, 0) |	|	|				
1|	165666|	1|	71.0963|	0.0117307 (0, 0, 0.834008) |	|	|				
1|	165667|	1|	50.9662|	0.0404257 (0.957624, 0.331695, 0.77103) |	|	|				
1|	165679|	1|	56.2848|	0.0554506 (2.33085, 0, 0.790179) |	|	|				
1|	165700|	1|	21.2721|	0.0946759 (0.801593, 1.21236, 0) |	|	|				
1|	1318954|	3|	38.0487|	0.0459854 (0.99497, 0, 0.754716) |	|	|				
1|	1318966|	3|	40.1849|	0.0573806 (0.796917, 0, 1.50892) |	|	|				
1|	1318977|	3|	34.5286|	0.0958643 (1.38035, 1.92972, 0) |	|	|				
1|	1318988|	3|	31.3051|	0.090135 (0.970887, 1.8508, 0) |	|	|				
1|	1318995|	3|	22.7825|	0.0510209 (0, 0.647769, 0.514615) |	|	|				
1|	1318997|	3|	76.8899|	0.0220989 (0, 0.671196, 1.02798) |	|	|				
1|	1319007|	3|	29.2967|	0.119781 (0, 1.42275, 2.08644) |	|	|				
1|	1319012|	3|	21.5647|	0.0258943 (0, 0, 0.558403) |	|	|				
1|	1319020|	3|	41.6251|	0.100616 (0.635513, 2.89102, 0.661598) |	|	|				
1|	1319038|	3|	24.7471|	0.0932869 (0, 2.30858, 0) |	|	|				
1|	1319039|	3|	35.8914|	0.0368032 (0, 0.581666, 0.739251) |	|	|				
1|	1319056|	3|	47.0042|	0 (0, 0, 0) |	|	|				
1|	1319083|	3|	47.7763|	0.01324 (0, 0.632559, 0) |	|	|				
1|	1319086|	3|	37.4438|	0.0218956 (0, 0.819852, 0) |	|	|				
1|	1319092|	3|	86.0247|	0.00770068 (0, 0.662449, 0) |	|	|				
1|	1319114|	3|	51.4598|	0.0898513 (0, 3.91829, 0.70544) |	|	|				
1|	1319136|	3|	58.7194|	0.0881213 (2.70592, 2.46851, 0) |	|	|				
1|	1319165|	3|	78.3133|	0.0772197 (4.40331, 1.64403, 0) |	|	|				
1|	1319179|	3|	28.0261|	0.0131047 (0, 0.367273, 0) |	|	|				
1|	1319278|	3|	31.2236|	0 (0, 0, 0) |	|	|				
1|	1319297|	3|	58.507|	0 (0, 0, 0) |	|	|				
1|	1319327|	3|	56.7129|	0.0431977 (0, 2.44987, 0) |	|	|				
1|	1319329|	3|	38.815|	0.0202012 (0, 0.78411, 0) |	|	|				
1|	1319335|	3|	23.3743|	0.0411139 (0.961009, 0, 0) |	|	|				
1|	1319346|	3|	79.3426|	0.0264779 (0, 0.50748, 1.59335) |	|	|				
1|	1319368|	3|	66.7185|	0 (0, 0, 0) |	|	|				
1|	1319387|	3|	27.6648|	0.111073 (1.5683, 0.932475, 0.572036) |	|	|				
1|	1319393|	3|	96.199|	0.0119731 (1.1518, 0, 0) |	|	|				
1|	1319410|	3|	40.6419|	0.0292449 (0, 0, 1.18857) |	|	|				
1|	1319421|	3|	31.706|	0.0860612 (1.66438, 1.06428, 0) |	|	|				
1|	1319438|	3|	24.7538|	0.0400031 (0, 0.990227, 0) |	|	|				
1|	1319446|	3|	23.8456|	0 (0, 0, 0) |	|	|				
1|	1319461|	3|	79.1056|	0.0625564 (1.2684, 2.50036, 1.1798) |	|	|				
1|	1319475|	3|	25.9605|	0.138554 (0, 2.15855, 1.43838) |	|	|				
1|	1319486|	3|	27.4352|	0.0960508 (0, 2.63517, 0) |	|	|				
1|	1319501|	3|	21.7893|	0.0211144 (0, 0.460067, 0) |	|	|				
1|	1319513|	3|	50.2041|	0.00624901 (0, 0.313726, 0) |	|	|				
1|	1319523|	3|	20.548|	0.0726935 (0.74901, 0.744694, 0) |	|	|				
1|	1319547|	3|	45.3324|	0.0403769 (0, 0.763674, 1.06671) |	|	|				
1|	1071923|	3|	46.7488|	0 (0, 0, 0) |	|	|				
1|	1071927|	3|	21.4823|	0.120868 (0, 1.2969, 1.29961) |	|	|				
1|	1071928|	3|	21.0942|	0.0357337 (0, 0.753773, 0) |	|	|				
1|	1071953|	3|	149.628|	0.0271715 (0, 2.2755, 1.79012) |	|	|				
1|	1071954|	3|	36.1035|	0.0443776 (0.544488, 0.275963, 0.781736) |	|	|				
1|	1071960|	3|	40.1161|	0.0219231 (0, 0.879469, 0) |	|	|				
1|	1072007|	3|	39.0591|	0.00283753 (0, 0.110831, 0) |	|	|				
1|	1072010|	3|	67.6922|	0 (0, 0, 0) |	|	|				
1|	1072035|	3|	48.7039|	0.0638 (2.51038, 0.596934, 0) |	|	|				
1|	1072060|	3|	35.4103|	0 (0, 0, 0) |	|	|				
1|	1072129|	3|	66.1057|	0.0176316 (0, 0, 1.16555) |	|	|				
1|	1072137|	3|	45.5715|	0.0759479 (2.60256, 0.204607, 0.653896) |	|	|				
1|	1072151|	3|	59.0055|	0.0176017 (0, 0.490031, 0.548567) |	|	|				
1|	1072159|	3|	60.5418|	0.0491846 (0.583755, 0.43433, 1.95964) |	|	|				
1|	1072216|	3|	42.2223|	0.139278 (3.84371, 2.03691, 0) |	|	|				
1|	1072218|	3|	43.6462|	0.00821342 (0, 0.358485, 0) |	|	|				
1|	1072267|	3|	45.7305|	0.119724 (1.37074, 2.37002, 1.7343) |	|	|				
1|	1072277|	3|	29.6404|	0.0771825 (0, 1.42384, 0.863881) |	|	|				
1|	1072281|	3|	56.1161|	0.0981639 (2.46976, 1.76131, 1.2775) |	|	|				
1|	1072287|	3|	138.055|	0.0106989 (0, 0, 1.47704) |	|	|				
1|	1072292|	3|	35.2194|	0 (0, 0, 0) |	|	|				
1|	1072294|	3|	33.59|	0.088168 (0.985095, 1.97646, 0) |	|	|				
1|	1072312|	3|	25.8771|	0.0526693 (0.689782, 0, 0.673146) |	|	|				
1|	1072335|	3|	41.4043|	0 (0, 0, 0) |	|	|				
1|	1072344|	3|	48.1381|	0 (0, 0, 0) |	|	|				
1|	1072352|	3|	51.5773|	0.0252992 (0, 0, 1.30487) |	|	|				
1|	1072367|	3|	70.0702|	0.0880958 (3.11954, 2.46954, 0.583819) |	|	|				
1|	1072370|	3|	50.8001|	0.0213031 (0, 1.0822, 0) |	|	|				
1|	1072393|	3|	28.7543|	0.0109156 (0, 0.313872, 0) |	|	|				
1|	1072433|	3|	37.6685|	0.0170627 (0, 0, 0.642728) |	|	|				
1|	1072437|	3|	44.5371|	0 (0, 0, 0) |	|	|				
1|	1072444|	3|	26.7808|	0.0297995 (0, 0.221699, 0.576355) |	|	|				
1|	1072446|	3|	46.541|	0.0138674 (0.645402, 0, 0) |	|	|				
1|	1072467|	3|	45.7886|	0.01759 (0, 0.805419, 0) |	|	|				
1|	1072473|	3|	33.652|	0.0748129 (0.656005, 0.826807, 1.03479) |	|	|				
1|	1072477|	3|	77.5107|	0.00103228 (0, 0.0800129, 0) |	|	|				
1|	1072482|	3|	85.5294|	0.00929745 (0.795205, 0, 0) |	|	|				
1|	1072485|	3|	55.262|	0.0473725 (0, 1.24198, 1.37592) |	|	|				
1|	1072501|	3|	34.4459|	0.0146618 (0, 0.505038, 0) |	|	|				
1|	1072509|	3|	23.1182|	0 (0, 0, 0) |	|	|				
1|	1072517|	3|	90.5871|	0.0184426 (0, 0.285584, 1.38508) |	|	|				
1|	1072522|	3|	26.1848|	0.0879676 (0, 1.61221, 0.691202) |	|	|				
1|	1072529|	3|	58.2199|	0.0697347 (0, 3.50599, 0.553961) |	|	|				
1|	1072532|	3|	59.696|	0.053038 (0, 3.16616, 0) |	|	|				
1|	1072535|	3|	35.7591|	0 (0, 0, 0) |	|	|				
1|	3099004|	7|	48.5554|	0.0879536 (2.39458, 1.87604, 0) |	|	|				
1|	3099005|	7|	27.3086|	0 (0, 0, 0) |	|	|				
1|	3099010|	7|	57.2354|	0 (0, 0, 0) |	|	|				
1|	3099017|	7|	47.1992|	0 (0, 0, 0) |	|	|				
1|	3099040|	7|	44.7252|	0.0441753 (0.794855, 0.337873, 0.843017) |	|	|				
1|	3099048|	7|	20.0678|	0.0349676 (0.701723, 0, 0) |	|	|				
1|	3099089|	7|	44.551|	0.0605677 (1.05365, 0.768685, 0.876021) |	|	|				
1|	3099094|	7|	68.5263|	0 (0, 0, 0) |	|	|				
1|	3099097|	7|	78.6884|	0 (0, 0, 0) |	|	|				
1|	3099116|	7|	25.2378|	0.0555187 (0, 1.40117, 0) |	|	|				
1|	3099151|	7|	30.9035|	0.00922688 (0, 0.285143, 0) |	|	|				
1|	3099163|	7|	35.2165|	0.0537969 (0, 0.903423, 0.991119) |	|	|				
1|	3099166|	7|	45.8122|	0.00796735 (0, 0.365002, 0) |	|	|				
1|	3099168|	7|	22.5582|	0.123361 (0, 2.14505, 0.637756) |	|	|				
1|	3099184|	7|	46.2565|	0 (0, 0, 0) |	|	|				
1|	3099206|	7|	39.9822|	0.0288947 (0, 0.591113, 0.564158) |	|	|				
1|	3099208|	7|	32.2034|	0 (0, 0, 0) |	|	|				
1|	3099234|	7|	39.0852|	0.00547313 (0, 0.213918, 0) |	|	|				
1|	3099238|	7|	62.686|	0.0686311 (0, 4.30221, 0) |	|	|				
1|	3099246|	7|	42.4635|	0.043944 (0, 0, 1.86601) |	|	|				
1|	3099256|	7|	37.4623|	0.0268318 (0, 0, 1.00518) |	|	|				
1|	3099275|	7|	125.47|	0.00747552 (0, 0.937952, 0) |	|	|				
1|	3099285|	7|	58.8525|	0.0174195 (0, 1.02518, 0) |	|	|				
1|	3099313|	7|	35.3501|	0.0802331 (0.886353, 1.94989, 0) |	|	|				
1|	3099329|	7|	40.3119|	0 (0, 0, 0) |	|	|				
1|	3099336|	7|	35.4856|	0 (0, 0, 0) |	|	|				
1|	3099345|	7|	39.8485|	0.0406497 (0, 1.61983, 0) |	|	|				
1|	3099365|	7|	54.7227|	0.0588244 (1.12097, 1.12063, 0.977427) |	|	|				
1|	3099402|	7|	27.9304|	0.0300261 (0.83864, 0, 0) |	|	|				
1|	3099406|	7|	31.7037|	0.0418138 (0, 1.32566, 0) |	|	|				
1|	3099408|	7|	59.8483|	0.145205 (0, 7.12578, 1.56449) |	|	|				
1|	3099410|	7|	44.8451|	0.0555926 (0, 2.49305, 0) |	|	|				
1|	3099435|	7|	48.6907|	0 (0, 0, 0) |	|	|				
1|	3099439|	7|	60.8031|	0.0443072 (0, 2.69402, 0) |	|	|				
1|	3099455|	7|	55.3724|	0.0290669 (0.743185, 0.28768, 0.57864) |	|	|				
1|	3099484|	7|	70.531|	0.0452614 (0.802127, 0.411433, 1.97877) |	|	|				
1|	3099492|	7|	50.8866|	0.0105141 (0, 0, 0.535028) |	|	|				
1|	3099510|	7|	29.7492|	0.0545078 (0, 1.04231, 0.579256) |	|	|				
1|	3099515|	7|	40.1561|	0.114956 (1.41425, 2.39351, 0.808431) |	|	|				
1|	3099528|	7|	59.7638|	0.044948 (0.928256, 0.354627, 1.40338) |	|	|				
1|	3099529|	7|	62.4712|	0.0085694 (0, 0.535341, 0) |	|	|				
1|	3099565|	7|	44.3899|	0.0378969 (1.0761, 0.606137, 0) |	|	|				
1|	3099584|	7|	68.5742|	0.041759 (0.862573, 0, 2.00102) |	|	|				
1|	3099586|	7|	20.7154|	0.0263649 (0, 0.54616, 0) |	|	|				
1|	3099616|	7|	40.0532|	0.0801321 (0, 2.30877, 0.900772) |	|	|				
1|	3406474|	7|	89.6705|	0.0106265 (0, 0.432749, 0.520131) |	|	|				
1|	3406478|	7|	37.2457|	0.0563711 (0, 1.10182, 0.997762) |	|	|				
1|	3406482|	7|	37.281|	0.0575104 (0, 1.26238, 0.881661) |	|	|				
1|	3406484|	7|	46.522|	0.101405 (0, 3.06235, 1.65522) |	|	|				
1|	3406507|	7|	52.1432|	0.0227326 (0.902423, 0.282929, 0) |	|	|				
1|	3406520|	7|	53.8745|	0.0262154 (0, 0.655887, 0.756456) |	|	|				
1|	3406551|	7|	38.6899|	0 (0, 0, 0) |	|	|				
1|	3406561|	7|	29.6353|	0.0683165 (0, 1.47154, 0.553045) |	|	|				
1|	3406564|	7|	49.075|	0 (0, 0, 0) |	|	|				
1|	3406576|	7|	90.9691|	0 (0, 0, 0) |	|	|				
1|	3406626|	7|	55.5118|	0.0093617 (0, 0.519684, 0) |	|	|				
1|	3406672|	7|	40.6861|	0.0373019 (1.51767, 0, 0) |	|	|				
1|	3406682|	7|	21.2281|	0.0601523 (0, 0.732723, 0.544194) |	|	|				
1|	3406706|	7|	30.3938|	0.0808986 (0.985533, 1.47329, 0) |	|	|				
1|	3406707|	7|	20.6113|	0.053179 (0, 1.09609, 0) |	|	|				
1|	3406708|	7|	31.4804|	0.0549928 (0, 1.04075, 0.690447) |	|	|				
1|	3406714|	7|	33.3892|	0.0596133 (0, 0.543104, 1.44734) |	|	|				
1|	3406739|	7|	26.3007|	0.0296497 (0, 0.19085, 0.588958) |	|	|				
1|	3406753|	7|	21.2271|	0.0857065 (0, 1.8193, 0) |	|	|				
1|	3406773|	7|	36.6701|	0.109456 (0.80672, 2.67188, 0.535166) |	|	|				
1|	3406787|	7|	60.313|	0 (0, 0, 0) |	|	|				
1|	3406800|	7|	53.5209|	0 (0, 0, 0) |	|	|				
1|	3406815|	7|	40.0373|	0.0812418 (0.704506, 1.36722, 1.18097) |	|	|				
1|	3406816|	7|	20.7618|	0.0131286 (0, 0.272573, 0) |	|	|				
1|	3406858|	7|	37.5243|	0.0359182 (0, 1.34781, 0) |	|	|				
1|	3406869|	7|	46.4399|	0.046389 (0, 1.4825, 0.671802) |	|	|				
1|	3406882|	7|	86.3363|	0.0101 (0, 0.871995, 0) |	|	|				
1|	3406896|	7|	33.5926|	0 (0, 0, 0) |	|	|				
1|	3406902|	7|	32.782|	0 (0, 0, 0) |	|	|				
1|	3407002|	7|	52.7687|	0.0310027 (0.929578, 0.706392, 0) |	|	|				
1|	3407005|	7|	50.4604|	0.0677818 (2.47614, 0.430391, 0.513766) |	|	|				
1|	3407015|	7|	26.3931|	0.0214054 (0, 0.564954, 0) |	|	|				
1|	3407051|	7|	34.5399|	0 (0, 0, 0) |	|	|				
1|	3407054|	7|	58.3249|	0.0180071 (0, 0.149852, 0.900412) |	|	|				
1|	3407079|	7|	60.9149|	0.0303062 (1.27271, 0, 0.573392) |	|	|				
1|	3447447|	7|	66.7467|	0 (0, 0, 0) |	|	|				
1|	3447451|	7|	71.6225|	0.0596159 (0, 2.14277, 2.12707) |	|	|				
1|	3447460|	7|	50.7044|	0.0136502 (0, 0, 0.692126) |	|	|				
1|	3447469|	7|	129.472|	0.0143201 (0, 1.85405, 0) |	|	|				
1|	3447493|	7|	71.1823|	0.00595596 (0, 0.423959, 0) |	|	|				
1|	3447500|	7|	97.6469|	0.0202957 (0, 1.98182, 0) |	|	|				
1|	3447505|	7|	62.3948|	0.0206817 (0.623418, 0, 0.667012) |	|	|				
1|	3447543|	7|	35.7685|	0.0197029 (0, 0.704744, 0) |	|	|				
1|	3447554|	7|	21.2603|	0.12598 (0, 2.67837, 0) |	|	|				
1|	3447559|	7|	48.2411|	0.0584974 (0, 2.82198, 0) |	|	|				
1|	3447625|	7|	30.6054|	0.0448995 (0, 0.861629, 0.512537) |	|	|				
1|	3447641|	7|	38.8445|	0.0646964 (0, 1.43024, 1.08285) |	|	|				
1|	3447646|	7|	45.9896|	0.0720035 (0, 3.31141, 0) |	|	|				
1|	3447650|	7|	28.0844|	0.0709383 (0, 0.502049, 1.49021) |	|	|				
1|	3447654|	7|	88.6744|	0.057625 (0.976886, 3.01659, 1.11639) |	|	|				
1|	3447674|	7|	28.5293|	0.114616 (1.68061, 0.863076, 0.726225) |	|	|				
1|	3447683|	7|	70.2425|	0.0428628 (0, 2.13938, 0.871416) |	|	|				
1|	3447693|	7|	55.013|	0.00936955 (0, 0.515448, 0) |	|	|				
1|	3447713|	7|	41.9637|	0.0184972 (0.776209, 0, 0) |	|	|				
1|	3447721|	7|	65.8444|	0.0462389 (0, 1.52389, 1.52068) |	|	|				
1|	3447728|	7|	70.5568|	0.0229872 (1.2182, 0.403706, 0) |	|	|				
1|	3447760|	7|	35.2827|	0 (0, 0, 0) |	|	|				
1|	3447763|	7|	58.3661|	0.0187805 (0, 1.09615, 0) |	|	|				
1|	3447768|	7|	26.9895|	0 (0, 0, 0) |	|	|				
1|	3447783|	7|	23.8092|	0.135057 (0, 1.09483, 2.12075) |	|	|				
1|	3447787|	7|	42.9473|	0.0652216 (0.844097, 1.01864, 0.938363) |	|	|				
1|	3447819|	7|	39.0085|	0.0702618 (2.74081, 0, 0) |	|	|				
1|	3447864|	7|	81.4394|	0.0177776 (0.85784, 0.589957, 0) |	|	|				
1|	3447924|	7|	20.9999|	0.0119399 (0, 0.250735, 0) |	|	|				
1|	3447939|	7|	30.9388|	0.0336782 (0, 0.452088, 0.589875) |	|	|				
1|	3447945|	7|	51.2214|	0.0396375 (1.44697, 0, 0.583322) |	|	|				
1|	3447947|	7|	34.0659|	0 (0, 0, 0) |	|	|				
1|	3447949|	7|	63.3695|	0 (0, 0, 0) |	|	|				
1|	3447955|	7|	28.6613|	0.0397635 (1.13967, 0, 0) |	|	|				
1|	3447965|	7|	56.4648|	0.00818312 (0, 0.462058, 0) |	|	|				
1|	3447967|	7|	27.0165|	0.0227251 (0.613952, 0, 0) |	|	|				
1|	3447971|	7|	42.7934|	0.0396664 (0, 0.870515, 0.826945) |	|	|				
1|	3447976|	7|	33.1657|	0.0437394 (0.851583, 0, 0.599066) |	|	|				
1|	3447978|	7|	28.2041|	0.00530441 (0, 0.149606, 0) |	|	|				
1|	3447995|	7|	57.0071|	0.046274 (0, 0.945465, 1.69249) |	|	|				
1|	3448007|	7|	53.8666|	0.0182643 (0, 0.983834, 0) |	|	|				
1|	3448018|	7|	51.0791|	0.100356 (0, 2.62379, 2.50228) |	|	|				
1|	3448030|	7|	43.2256|	0.025832 (0.602346, 0.514257, 0) |	|	|				
1|	3448049|	7|	24.5943|	0.0371271 (0, 0.913116, 0) |	|	|				
1|	3075615|	7|	70.7145|	0.0181449 (0, 1.28311, 0) |	|	|				
1|	3075626|	7|	54.7977|	0.0474406 (0, 1.45663, 1.143) |	|	|				
1|	3075641|	7|	23.1653|	0 (0, 0, 0) |	|	|				
1|	3075688|	7|	32.4821|	0.05312 (1.37755, 0.347899, 0) |	|	|				
1|	3075710|	7|	43.8499|	0.0549469 (0, 1.78259, 0.62683) |	|	|				
1|	3075747|	7|	76.0622|	0.0683364 (1.70214, 3.49568, 0) |	|	|				
1|	3075757|	7|	29.331|	0.0415514 (0, 1.21875, 0) |	|	|				
1|	3075758|	7|	123.396|	0.00837318 (0, 0.521835, 0.511384) |	|	|				
1|	3075783|	7|	28.4919|	0.0600866 (1.02133, 0.690657, 0) |	|	|				
1|	3075797|	7|	36.1901|	0.0604143 (0, 2.1864, 0) |	|	|				
1|	3075822|	7|	25.591|	0.135754 (0, 2.79029, 0.683784) |	|	|				
1|	3075844|	7|	24.635|	0.0864655 (0.941718, 0.504659, 0.683699) |	|	|				
1|	3075856|	7|	63.6974|	0 (0, 0, 0) |	|	|				
1|	3075859|	7|	70.7264|	0.00286756 (0, 0.202812, 0) |	|	|				
1|	3075865|	7|	49.3187|	0.01927 (0, 0.950372, 0) |	|	|				
1|	3075867|	7|	40.3223|	0.0215456 (0.868767, 0, 0) |	|	|				
1|	3075869|	7|	53.9149|	0.0687889 (0.91441, 2.79434, 0) |	|	|				
1|	3075883|	7|	77.5499|	0.0222392 (0, 0.226391, 1.49826) |	|	|				
1|	3075921|	7|	58.9116|	0.0366461 (1.7985, 0.360375, 0) |	|	|				
1|	3075933|	7|	42.3601|	0 (0, 0, 0) |	|	|				
1|	3075957|	7|	33.6439|	0.0739205 (0, 2.48698, 0) |	|	|				
1|	3075972|	7|	33.0847|	0.0136237 (0, 0.450735, 0) |	|	|				
1|	3075977|	7|	29.2708|	0.0577249 (1.09266, 0, 0.597001) |	|	|				
1|	3075990|	7|	20.8208|	0.028921 (0, 0.602159, 0) |	|	|				
1|	3076011|	7|	53.9673|	0.11838 (1.52188, 4.86678, 0) |	|	|				
1|	3076021|	7|	26.372|	0 (0, 0, 0) |	|	|				
1|	3076029|	7|	54.6946|	0.0344658 (0, 1.88509, 0) |	|	|				
1|	3076030|	7|	43.9431|	0.0350883 (0, 1.54189, 0) |	|	|				
1|	3076048|	7|	52.0835|	0.0196628 (0, 1.02411, 0) |	|	|				
1|	3076055|	7|	59.067|	0.0748493 (0.684123, 1.48868, 2.24832) |	|	|				
1|	3076064|	7|	35.405|	0.0505949 (0, 1.79131, 0) |	|	|				
1|	3076083|	7|	52.1794|	0.041652 (0.777984, 1.39539, 0) |	|	|				
1|	3076092|	7|	64.9555|	0.019792 (0.816007, 0.469594, 0) |	|	|				
1|	3076093|	7|	45.4891|	0 (0, 0, 0) |	|	|				
1|	3076110|	7|	28.4981|	0.0240993 (0, 0.686783, 0) |	|	|				
1|	3076167|	7|	48.2837|	0.0433679 (1.49043, 0.603528, 0) |	|	|				
1|	3076238|	7|	72.1928|	0.0678331 (1.35114, 3.54592, 0) |	|	|				
1|	3076249|	7|	47.4523|	0.028634 (1.00197, 0.356774, 0) |	|	|				
1|	3349907|	7|	69.9596|	0.0567942 (0, 3.9733, 0) |	|	|				
1|	3349909|	7|	24.8989|	0.00883309 (0, 0.219934, 0) |	|	|				
1|	3349924|	7|	48.1164|	0.0513977 (0.787704, 1.68537, 0) |	|	|				
1|	3349932|	7|	75.7127|	0.144595 (0, 8.51436, 2.43334) |	|	|				
1|	3349943|	7|	45.2629|	0.0229973 (0.622313, 0.418613, 0) |	|	|				
1|	3349958|	7|	53.4974|	0 (0, 0, 0) |	|	|				
1|	3349972|	7|	28.0849|	0.0545853 (0, 0, 1.53302) |	|	|				
1|	3349989|	7|	35.2301|	0 (0, 0, 0) |	|	|				
1|	3349994|	7|	58.7895|	0 (0, 0, 0) |	|	|				
1|	3350028|	7|	73.3364|	0.0090358 (0, 0.662653, 0) |	|	|				
1|	3350031|	7|	68.6483|	0.0587414 (2.40597, 0.738006, 0.88852) |	|	|				
1|	3350036|	7|	22.2422|	0.0508927 (0, 1.13196, 0) |	|	|				
1|	3350075|	7|	31.8483|	0.0196268 (0, 0.62508, 0) |	|	|				
1|	3350089|	7|	63.2083|	0.0197984 (0, 1.25142, 0) |	|	|				
1|	3350102|	7|	93.7118|	0.0239378 (0, 2.24325, 0) |	|	|				
1|	3350123|	7|	46.6848|	0.0286708 (0, 0, 1.33849) |	|	|				
1|	3350135|	7|	29.5493|	0 (0, 0, 0) |	|	|				
1|	3350154|	7|	86.131|	0.0190227 (0, 1.09977, 0.538678) |	|	|				
1|	3350163|	7|	32.5792|	0.0502735 (0.676181, 0.961692, 0) |	|	|				
1|	3350178|	7|	102.557|	0.00750927 (0.770127, 0, 0) |	|	|				
1|	3350211|	7|	35.3622|	0.040765 (0, 0.701526, 0.740014) |	|	|				
1|	3350214|	7|	77.6724|	0.0271205 (0, 2.10652, 0) |	|	|				
1|	3350243|	7|	57.7134|	0.0449762 (0, 2.59573, 0) |	|	|				
1|	3350279|	7|	27.9549|	0.0858379 (1.67315, 0, 0.726439) |	|	|				
1|	3350281|	7|	56.4822|	0 (0, 0, 0) |	|	|				
1|	3350282|	7|	26.2791|	0 (0, 0, 0) |	|	|				
1|	3350310|	7|	42.3766|	0 (0, 0, 0) |	|	|				
1|	3350311|	7|	53.4607|	0.00975957 (0, 0.521753, 0) |	|	|				
1|	3350333|	7|	68.1105|	0 (0, 0, 0) |	|	|				
1|	3350337|	7|	35.561|	0.0449268 (0.916195, 0.68145, 0) |	|	|				
1|	3350339|	7|	36.9005|	0 (0, 0, 0) |	|	|				
1|	3350344|	7|	51.0781|	0.00827316 (0, 0.422577, 0) |	|	|				
1|	3350376|	7|	54.6623|	0.0312082 (0, 1.70591, 0) |	|	|				
1|	3350377|	7|	50.0639|	0.0111997 (0, 0, 0.560701) |	|	|				
1|	3350386|	7|	20.9547|	0.070119 (0, 1.46932, 0) |	|	|				
1|	3350403|	7|	43.5065|	0.0192565 (0, 0.837781, 0) |	|	|				
1|	3350405|	7|	141.635|	0.0401614 (0, 2.9577, 2.73054) |	|	|				
1|	3350410|	7|	53.4145|	0 (0, 0, 0) |	|	|				
1|	3350516|	7|	24.1898|	0.0695919 (0.842612, 0.8408, 0) |	|	|				
1|	3350537|	7|	37.1236|	0.0200854 (0, 0.745643, 0) |	|	|				
1|	834168|	2|	42.0973|	0.0893694 (3.16287, 0.599347, 0) |	|	|				
1|	834176|	2|	146.962|	0.0191202 (0, 2.80995, 0) |	|	|				
1|	834188|	2|	21.4001|	0.12962 (0, 2.77389, 0) |	|	|				
1|	834231|	2|	54.5467|	0.0430738 (0, 0.7092, 1.64034) |	|	|				
1|	834255|	2|	26.3345|	0.0478673 (0, 0, 1.26056) |	|	|				
1|	834261|	2|	23.2136|	0.0994127 (1.67074, 0.636989, 0) |	|	|				
1|	834266|	2|	58.9192|	0.00688456 (0, 0.405632, 0) |	|	|				
1|	834271|	2|	35.4523|	0.103541 (0.837368, 1.71725, 1.11613) |	|	|				
1|	834286|	2|	56.8922|	0.104067 (0, 5.9206, 0) |	|	|				
1|	834287|	2|	36.2025|	0.052691 (0, 1.90755, 0) |	|	|				
1|	834301|	2|	59.9356|	0.0431691 (0, 2.58737, 0) |	|	|				
1|	834302|	2|	53.6017|	0 (0, 0, 0) |	|	|				
1|	834315|	2|	28.151|	0 (0, 0, 0) |	|	|				
1|	834340|	2|	38.1953|	0.0379203 (0, 1.44838, 0) |	|	|				
1|	834341|	2|	36.4722|	0.0383163 (0.654845, 0, 0.742636) |	|	|				
1|	834362|	2|	70.2794|	0.0149572 (0, 1.05118, 0) |	|	|				
1|	834370|	2|	68.3141|	0.0765625 (3.97361, 1.25668, 0) |	|	|				
1|	834390|	2|	39.1544|	0.0225953 (0, 0.884706, 0) |	|	|				
1|	834393|	2|	56.5046|	0.0304244 (0, 1.71912, 0) |	|	|				
1|	834394|	2|	21.5915|	0.0237802 (0, 0.513452, 0) |	|	|				
1|	834459|	2|	31.3193|	0.00293125 (0, 0.0918045, 0) |	|	|				
1|	834461|	2|	56.2642|	0.028974 (1.6302, 0, 0) |	|	|				
1|	834485|	2|	51.0618|	0 (0, 0, 0) |	|	|				
1|	834538|	2|	57.032|	0 (0, 0, 0) |	|	|				
1|	834547|	2|	80.0613|	0.021832 (0, 1.7479, 0) |	|	|				
1|	834560|	2|	44.9763|	0.0639337 (2.20033, 0.675174, 0) |	|	|				
1|	834564|	2|	41.1937|	0 (0, 0, 0) |	|	|				
1|	834618|	2|	49.1837|	0.0231406 (0, 0, 1.13814) |	|	|				
1|	834653|	2|	32.6245|	0 (0, 0, 0) |	|	|				
1|	834667|	2|	32.277|	0.0305534 (0, 0.237744, 0.748429) |	|	|				
1|	834700|	2|	73.1054|	0.0176229 (0, 1.28833, 0) |	|	|				
1|	834706|	2|	47.0782|	0.080323 (0.803909, 1.27698, 1.70057) |	|	|				
1|	834742|	2|	56.8216|	0.0204213 (0, 0.467112, 0.693261) |	|	|				
1|	834746|	2|	55.9163|	0.0778905 (0.634044, 3.16336, 0.557947) |	|	|				
1|	834755|	2|	25.9388|	0.0472667 (0, 1.22604, 0) |	|	|				
1|	834784|	2|	44.6832|	0.0563083 (0, 2.51603, 0) |	|	|				
1|	916717|	2|	32.4237|	0.0489628 (0.924362, 0.663193, 0) |	|	|				
1|	916723|	2|	51.2602|	0.0233805 (1.19849, 0, 0) |	|	|				
1|	916728|	2|	39.198|	0.0682908 (2.36241, 0.314456, 0) |	|	|				
1|	916748|	2|	30.7069|	0.0582682 (0, 0.593975, 1.19526) |	|	|				
1|	916764|	2|	44.6111|	0.0200667 (0, 0.895195, 0) |	|	|				
1|	916775|	2|	51.2264|	0.0523788 (2.68318, 0, 0) |	|	|				
1|	916803|	2|	39.774|	0.0117293 (0, 0.466521, 0) |	|	|				
1|	916840|	2|	85.8617|	0.0571103 (1.05978, 2.29258, 1.55123) |	|	|				
1|	916930|	2|	62.7945|	0 (0, 0, 0) |	|	|				
1|	916945|	2|	29.5013|	0.0176508 (0, 0, 0.520721) |	|	|				
1|	916955|	2|	63.5847|	0 (0, 0, 0) |	|	|				
1|	916956|	2|	55.4378|	0 (0, 0, 0) |	|	|				
1|	916959|	2|	20.1005|	0.0268248 (0, 0.539191, 0) |	|	|				
1|	916972|	2|	59.8301|	0.0220374 (0, 1.3185, 0) |	|	|				
1|	916978|	2|	48.7658|	0.0344958 (0.555526, 0.500884, 0.625803) |	|	|				
1|	916979|	2|	70.586|	0.0244396 (0, 1.03213, 0.692963) |	|	|				
1|	916983|	2|	57.0326|	0 (0, 0, 0) |	|	|				
1|	917022|	2|	34.8547|	0 (0, 0, 0) |	|	|				
1|	917026|	2|	45.9216|	0.0195194 (0, 0.896363, 0) |	|	|				
1|	917036|	2|	54.6072|	0.0153214 (0, 0.836659, 0) |	|	|				
1|	917039|	2|	50.046|	0.012626 (0, 0.631882, 0) |	|	|				
1|	917122|	2|	35.5227|	0 (0, 0, 0) |	|	|				
1|	917144|	2|	48.886|	0.0329003 (0, 1.60837, 0) |	|	|				
1|	917148|	2|	27.7411|	0 (0, 0, 0) |	|	|				
1|	917149|	2|	38.2777|	0.0220167 (0, 0.162145, 0.680604) |	|	|				
1|	917155|	2|	68.9125|	0.0210394 (0, 1.44988, 0) |	|	|				
1|	917191|	2|	21.6125|	0.1444 (0, 2.29707, 0.823786) |	|	|				
1|	917192|	2|	39.0677|	0.0572314 (0.878777, 0.793876, 0.563248) |	|	|				
1|	917196|	2|	36.7573|	0.0726164 (0, 1.30389, 1.3653) |	|	|				
1|	917203|	2|	102.158|	0.0558733 (0, 2.11621, 3.5917) |	|	|				
1|	917213|	2|	33.1682|	0.07908 (0, 0.516023, 2.10692) |	|	|				
1|	917214|	2|	21.8675|	0.0255024 (0, 0, 0.557672) |	|	|				
1|	917228|	2|	37.8372|	0.0386384 (1.02921, 0.432763, 0) |	|	|				
1|	917234|	2|	31.2863|	0.0769667 (0, 1.63969, 0.768311) |	|	|				
1|	917261|	2|	39.4848|	0.129561 (3.09927, 0.479348, 1.53708) |	|	|				
1|	917301|	2|	50.7826|	0.00664158 (0, 0.337277, 0) |	|	|				
1|	917302|	2|	24.0228|	0.0420422 (0, 0.304281, 0.70569) |	|	|				
1|	917327|	2|	52.5915|	0.0189902 (0, 0.998721, 0) |	|	|				
1|	917335|	2|	29.2254|	0.0669104 (0, 0.507582, 1.4479) |	|	|				
1|	2437984|	5|	27.7504|	0.116442 (0, 0.819599, 2.41172) |	|	|				
1|	2437992|	5|	51.6073|	0.0219576 (1.13317, 0, 0) |	|	|				
1|	2438009|	5|	34.0681|	0.0266665 (0, 0.369148, 0.539329) |	|	|				
1|	2438067|	5|	40.8003|	0.0506397 (0.803882, 1.26223, 0) |	|	|				
1|	2438148|	5|	65.4308|	0.0186968 (1.22335, 0, 0) |	|	|				
1|	2438162|	5|	48.0569|	0.0779193 (0, 1.58626, 2.1583) |	|	|				
1|	2438163|	5|	71.7049|	0.00647617 (0, 0.464373, 0) |	|	|				
1|	2438181|	5|	97.0256|	0.017408 (1.12416, 0, 0.564858) |	|	|				
1|	2438187|	5|	24.2651|	0.069049 (0, 1.67548, 0) |	|	|				
1|	2438189|	5|	35.3142|	0.0174336 (0, 0, 0.615656) |	|	|				
1|	2438190|	5|	38.8337|	0.0127282 (0, 0.494284, 0) |	|	|				
1|	2438242|	5|	42.7989|	0 (0, 0, 0) |	|	|				
1|	2438255|	5|	43.5778|	0.091761 (2.84236, 1.15638, 0) |	|	|				
1|	2438268|	5|	46.8359|	0.00951716 (0, 0.445745, 0) |	|	|				
1|	2438280|	5|	23.1825|	0.141429 (0, 1.65965, 1.61902) |	|	|				
1|	2438281|	5|	59.709|	0.020018 (0, 1.19525, 0) |	|	|				
1|	2438289|	5|	31.3882|	0.00625264 (0, 0.196259, 0) |	|	|				
1|	2438313|	5|	25.0154|	0.0850318 (0, 0.833051, 1.29405) |	|	|				
1|	2438341|	5|	46.2538|	0.0693582 (0, 3.20808, 0) |	|	|				
1|	2438354|	5|	55.7543|	0.0230886 (0, 0.3894, 0.897886) |	|	|				
1|	2438390|	5|	53.9|	0 (0, 0, 0) |	|	|				
1|	2438392|	5|	32.2374|	0 (0, 0, 0) |	|	|				
1|	2438414|	5|	66.1821|	0.0150762 (0, 0.997774, 0) |	|	|				
1|	2438424|	5|	33.8665|	0.0151556 (0.513267, 0, 0) |	|	|				
1|	2438433|	5|	46.9807|	0.0382617 (0, 0.523244, 1.27432) |	|	|				
1|	2438436|	5|	35.671|	0.00931934 (0, 0.33243, 0) |	|	|				
1|	2438460|	5|	73.5115|	0.0914309 (0, 5.6294, 1.09183) |	|	|				
1|	2438465|	5|	52.3551|	0.0611182 (1.00128, 0.344096, 1.85447) |	|	|				
1|	2438484|	5|	36.4148|	0.0115944 (0, 0.422206, 0) |	|	|				
1|	2438489|	5|	61.9712|	0.0727852 (0.967379, 0.85263, 2.69058) |	|	|				
1|	2438503|	5|	21.4681|	0.035478 (0, 0.761646, 0) |	|	|				
1|	2438516|	5|	34.263|	0.0355762 (0, 0.671604, 0.547344) |	|	|				
1|	2438520|	5|	34.7241|	0.136537 (0, 3.799, 0.942121) |	|	|				
1|	2438590|	5|	45.943|	0.0605062 (1.13388, 0.829373, 0.816579) |	|	|				
1|	2150026|	5|	32.5037|	0.0382288 (0, 0.675035, 0.567544) |	|	|				
1|	2150029|	5|	65.528|	0.0421026 (0, 0.186577, 2.57232) |	|	|				
1|	2150046|	5|	25.9696|	0.0793253 (0.927466, 1.13258, 0) |	|	|				
1|	2150063|	5|	34.0091|	0 (0, 0, 0) |	|	|				
1|	2150069|	5|	43.7188|	0.0482593 (0, 2.10984, 0) |	|	|				
1|	2150078|	5|	55.7019|	0 (0, 0, 0) |	|	|				
1|	2150105|	5|	23.586|	0.0984643 (0, 0.823957, 1.49842) |	|	|				
1|	2150125|	5|	29.4209|	0.123664 (0, 2.05942, 1.57889) |	|	|				
1|	2150139|	5|	32.7933|	0.0390349 (0, 1.28008, 0) |	|	|				
1|	2150163|	5|	57.1073|	0.0313851 (0, 1.79232, 0) |	|	|				
1|	2150173|	5|	37.0881|	0.0202687 (0, 0, 0.751728) |	|	|				
1|	2150185|	5|	46.911|	0.0711805 (0.930958, 0.713398, 1.69479) |	|	|				
1|	2150186|	5|	60.482|	0.0365606 (0, 0.702539, 1.50872) |	|	|				
1|	2150191|	5|	27.6518|	0.13052 (0, 1.9904, 1.61872) |	|	|				
1|	2150241|	5|	33.0041|	0 (0, 0, 0) |	|	|				
1|	2150242|	5|	36.0767|	0.0318322 (0, 1.1484, 0) |	|	|				
1|	2150290|	5|	40.0045|	0.0249666 (0, 0.998776, 0) |	|	|				
1|	2150303|	5|	27.8854|	0 (0, 0, 0) |	|	|				
1|	2150339|	5|	29.085|	0.00895373 (0, 0.260419, 0) |	|	|				
1|	2150379|	5|	43.0758|	0 (0, 0, 0) |	|	|				
1|	2150383|	5|	70.7116|	0.0335942 (1.01923, 1.35627, 0) |	|	|				
1|	2150389|	5|	54.8459|	0.00981998 (0, 0.538585, 0) |	|	|				
1|	2150419|	5|	55.5542|	0.00615927 (0, 0.342174, 0) |	|	|				
1|	2150453|	5|	39.5284|	0 (0, 0, 0) |	|	|				
1|	2150459|	5|	21.6341|	0.136297 (0, 2.4008, 0.547857) |	|	|				
1|	2150467|	5|	27.2107|	0.0443118 (0, 1.20575, 0) |	|	|				
1|	2150478|	5|	73.1132|	0.0175975 (1.28661, 0, 0) |	|	|				
1|	2150498|	5|	45.4036|	0.0626776 (0, 2.19394, 0.651849) |	|	|				
1|	2150501|	5|	118.828|	0.00964613 (0, 0.351056, 0.795178) |	|	|				
1|	2150515|	5|	37.956|	0.0191359 (0, 0.181606, 0.544717) |	|	|				
1|	2150536|	5|	48.9377|	0.0163761 (0, 0, 0.801411) |	|	|				
1|	2150538|	5|	22.8199|	0.139513 (1.56189, 0.667512, 0.954279) |	|	|				
1|	2150546|	5|	40.9438|	0.0838385 (0, 2.70428, 0.728391) |	|	|				
1|	2150593|	5|	26.9534|	0 (0, 0, 0) |	|	|				
1|	2150604|	5|	52.1131|	0.0195181 (0, 1.01715, 0) |	|	|				
1|	2150605|	5|	29.6213|	0.0393815 (0, 1.16653, 0) |	|	|				
1|	2150606|	5|	49.7216|	0.0509093 (0, 1.32538, 1.20591) |	|	|				
1|	2150611|	5|	59.6495|	0.0130791 (0, 0.780161, 0) |	|	|				
1|	2150637|	5|	31.7031|	0.0186331 (0, 0.590727, 0) |	|	|				
1|	2150645|	5|	29.9827|	0.0770658 (0, 0.450721, 1.85992) |	|	|				
1|	2244279|	5|	53.1431|	0.0152664 (0, 0.811303, 0) |	|	|				
1|	2244282|	5|	21.4656|	0.0347493 (0, 0.745916, 0) |	|	|				
1|	2244296|	5|	43.9585|	0.0647821 (0.905363, 1.1574, 0.784957) |	|	|				
1|	2244311|	5|	46.4826|	0 (0, 0, 0) |	|	|				
1|	2244313|	5|	62.3014|	0.0350874 (0, 0.698232, 1.48776) |	|	|				
1|	2244314|	5|	20.8242|	0.0242811 (0, 0, 0.505634) |	|	|				
1|	2244330|	5|	23.9783|	0.0468697 (0, 1.12386, 0) |	|	|				
1|	2244333|	5|	31.1796|	0.0528476 (0, 0.802525, 0.845243) |	|	|				
1|	2244351|	5|	52.9575|	0.0185574 (0, 0.982753, 0) |	|	|				
1|	2244362|	5|	36.3663|	0.0304458 (0, 1.1072, 0) |	|	|				
1|	2244390|	5|	32.6289|	0 (0, 0, 0) |	|	|				
1|	2244404|	5|	48.939|	0.0794479 (0.805832, 3.08227, 0) |	|	|				
1|	2244405|	5|	61.2916|	0.0392929 (0, 1.22183, 1.1865) |	|	|				
1|	2244406|	5|	37.6078|	0 (0, 0, 0) |	|	|				
1|	2244423|	5|	33.2136|	0.0217319 (0, 0.203993, 0.517803) |	|	|				
1|	2244428|	5|	44.8764|	0.0170866 (0.766788, 0, 0) |	|	|				
1|	2244438|	5|	60.7789|	0 (0, 0, 0) |	|	|				
1|	2244444|	5|	45.914|	0.0271498 (0, 1.24656, 0) |	|	|				
1|	2244455|	5|	55.2836|	0.00436969 (0, 0.241572, 0) |	|	|				
1|	2244483|	5|	73.21|	0.0226576 (1.65876, 0, 0) |	|	|				
1|	2244491|	5|	74.4374|	0.11598 (3.95831, 2.63504, 2.0399) |	|	|				
1|	2244495|	5|	36.1642|	0.00762676 (0, 0.275815, 0) |	|	|				
1|	2244497|	5|	60.9926|	0.0270007 (1.0215, 0.625344, 0) |	|	|				
1|	2244512|	5|	78.083|	0.00584975 (0, 0.456766, 0) |	|	|				
1|	2244530|	5|	62.9565|	0.0775859 (1.06705, 3.81749, 0) |	|	|				
1|	2244531|	5|	79.1|	0.0345182 (0, 2.73039, 0) |	|	|				
1|	2244562|	5|	28.4476|	0.0174277 (0, 0.495775, 0) |	|	|				
1|	2244572|	5|	28.413|	0.0929024 (0, 2.63964, 0) |	|	|				
1|	2244581|	5|	40.7718|	0 (0, 0, 0) |	|	|				
1|	2244584|	5|	36.4856|	0.034188 (0, 1.24737, 0) |	|	|				
1|	2244598|	5|	24.2086|	0.0867199 (0, 1.57659, 0.522779) |	|	|				
1|	2244627|	5|	23.5881|	0.0427705 (1.00888, 0, 0) |	|	|				
1|	2244631|	5|	24.469|	0 (0, 0, 0) |	|	|				
1|	2244662|	5|	29.4622|	0.00852092 (0, 0.251045, 0) |	|	|				
1|	2244682|	5|	41.1581|	0.0154985 (0, 0.637888, 0) |	|	|				
1|	2244712|	5|	28.3523|	0.0697414 (0, 1.97733, 0) |	|	|				
1|	2244722|	5|	61.2551|	0.0348477 (0, 2.1346, 0) |	|	|				
1|	2244737|	5|	98.7538|	0.0146208 (0, 1.44386, 0) |	|	|				
1|	2244741|	5|	20.412|	0 (0, 0, 0) |	|	|				
1|	2244751|	5|	36.0834|	0.0571658 (2.06274, 0, 0) |	|	|				
1|	2244786|	5|	68.0316|	0.0200569 (0, 1.3645, 0) |	|	|				
1|	2244804|	5|	84.8202|	0.0236708 (0, 0, 2.00776) |	|	|				
1|	2244808|	5|	27.9408|	0.0285486 (0.797671, 0, 0) |	|	|				
1|	2244810|	5|	41.6458|	0 (0, 0, 0) |	|	|				
1|	2244814|	5|	46.2219|	0.0927428 (2.22237, 2.06438, 0) |	|	|				
1|	2244818|	5|	78.2225|	0.0270203 (0.808679, 1.30492, 0) |	|	|				
1|	2244819|	5|	32.724|	0.0484734 (0, 1.58624, 0) |	|	|				
1|	2244820|	5|	58.2393|	0.0113142 (0.658934, 0, 0) |	|	|				
1|	2244862|	5|	41.2212|	0.0137011 (0, 0.564776, 0) |	|	|				
1|	2244867|	5|	42.0723|	0.0111126 (0, 0.467533, 0) |	|	|				
1|	2244887|	5|	25.5001|	0.0609646 (0, 0.787097, 0.767505) |	|	|				
1|	2244899|	5|	60.0567|	0.0113617 (0, 0, 0.682346) |	|	|				
1|	2450305|	5|	24.8671|	0.0259267 (0, 0.644722, 0) |	|	|				
1|	2450337|	5|	68.3152|	0.0171787 (0, 1.17356, 0) |	|	|				
1|	2450384|	5|	59.5257|	0.0747112 (0, 2.10983, 2.3374) |	|	|				
1|	2450387|	5|	31.0521|	0.0805618 (2.50162, 0, 0) |	|	|				
1|	2450400|	5|	46.7861|	0.0569978 (1.55104, 1.11566, 0) |	|	|				
1|	2450415|	5|	28.5262|	0.0781765 (0, 1.27369, 0.95639) |	|	|				
1|	2450437|	5|	31.867|	0 (0, 0, 0) |	|	|				
1|	2450475|	5|	28.746|	0.0657401 (0, 1.27944, 0.610325) |	|	|				
1|	2450487|	5|	24.805|	0.0853407 (0, 2.11688, 0) |	|	|				
1|	2450497|	5|	40.0445|	0.140657 (3.62889, 2.00366, 0) |	|	|				
1|	2450502|	5|	49.2823|	0.0528435 (0, 2.60425, 0) |	|	|				
1|	2450504|	5|	223.493|	0.00960739 (0, 1.51921, 0.627976) |	|	|				
1|	2450514|	5|	20.5465|	0.0146515 (0, 0.301036, 0) |	|	|				
1|	2450525|	5|	47.5646|	0 (0, 0, 0) |	|	|				
1|	2450530|	5|	40.066|	0.018202 (0, 0.729282, 0) |	|	|				
1|	2450537|	5|	45.8906|	0.10297 (0, 3.48537, 1.24) |	|	|				
1|	2450541|	5|	46.0867|	0.110512 (1.5468, 1.12175, 2.42458) |	|	|				
1|	2450545|	5|	26.7266|	0.0133169 (0, 0.355916, 0) |	|	|				
1|	2450551|	5|	37.1774|	0.140646 (0, 5.22884, 0) |	|	|				
1|	2450573|	5|	33.0292|	0.052679 (0, 1.73995, 0) |	|	|				
1|	2450594|	5|	43.0007|	0.0499952 (0, 2.14983, 0) |	|	|				
1|	2450603|	5|	31.2364|	0.137306 (0, 4.28894, 0) |	|	|				
1|	2450607|	5|	36.6774|	0 (0, 0, 0) |	|	|				
1|	2450617|	5|	28.1093|	0.0103977 (0, 0.292271, 0) |	|	|				
1|	2450640|	5|	27.2894|	0.0256705 (0, 0, 0.700535) |	|	|				
1|	2450660|	5|	36.9063|	0.0500167 (0.95304, 0.892888, 0) |	|	|				
1|	2450703|	5|	38.3617|	0 (0, 0, 0) |	|	|				
1|	2450717|	5|	64.6213|	0.0531901 (3.43721, 0, 0) |	|	|				
1|	2450785|	5|	113.668|	0.011238 (0, 1.2774, 0) |	|	|				
1|	2450818|	5|	30.2801|	0.0724592 (0.846498, 0.642445, 0.705127) |	|	|				
1|	2450820|	5|	22.1965|	0.0292086 (0, 0.648327, 0) |	|	|				
1|	2450827|	5|	54.6263|	0.0216233 (0, 0.193129, 0.988071) |	|	|				
1|	2450835|	5|	44.3102|	0.0533888 (0, 2.36567, 0) |	|	|				
1|	2450872|	5|	30.5915|	0.108791 (2.65327, 0, 0.674805) |	|	|				
1|	2450873|	5|	29.2914|	0 (0, 0, 0) |	|	|				
1|	2450884|	5|	93.9289|	0.00634158 (0, 0.595657, 0) |	|	|				
1|	2450897|	5|	62.3713|	0.0124616 (0, 0, 0.777245) |	|	|				
1|	2450920|	5|	35.6461|	0 (0, 0, 0) |	|	|				
1|	2469813|	5|	22.0947|	0 (0, 0, 0) |	|	|				
1|	2469825|	5|	57.135|	0 (0, 0, 0) |	|	|				
1|	2469838|	5|	23.5686|	0 (0, 0, 0) |	|	|				
1|	2469841|	5|	39.7695|	0.00657528 (0, 0.261496, 0) |	|	|				
1|	2469847|	5|	42.5855|	0.0512963 (0.671462, 0.0820457, 1.43097) |	|	|				
1|	2469881|	5|	34.3749|	0.0191973 (0, 0.659904, 0) |	|	|				
1|	2469887|	5|	35.8696|	0.0401979 (0, 0, 1.44188) |	|	|				
1|	2469907|	5|	24.6752|	0.0152828 (0, 0.377107, 0) |	|	|				
1|	2469918|	5|	36.056|	0.0482923 (0, 1.74123, 0) |	|	|				
1|	2469929|	5|	63.4039|	0.0175421 (0, 1.11224, 0) |	|	|				
1|	2469935|	5|	35.6155|	0.0257453 (0, 0.179383, 0.737551) |	|	|				
1|	2469941|	5|	63.5362|	0.00549095 (0, 0.348875, 0) |	|	|				
1|	2469979|	5|	49.6083|	0.0531873 (1.35149, 1.28704, 0) |	|	|				
1|	2469982|	5|	25.4665|	0.0957759 (0, 1.65606, 0.783023) |	|	|				
1|	2469990|	5|	75.5712|	0.0210684 (0, 0.893664, 0.698498) |	|	|				
1|	2469993|	5|	53.2502|	0.062744 (0, 2.00717, 1.33396) |	|	|				
1|	2470008|	5|	42.4147|	0.020782 (0, 0.881462, 0) |	|	|				
1|	2470078|	5|	106.432|	0.0219026 (0, 0, 2.33113) |	|	|				
1|	2470083|	5|	20.9903|	0.0277482 (0, 0, 0.582444) |	|	|				
1|	2470090|	5|	59.8136|	0.0176905 (0.905044, 0.153088, 0) |	|	|				
1|	2470116|	5|	44.6052|	0.0306209 (0, 1.36585, 0) |	|	|				
1|	2470119|	5|	34.0526|	0.126465 (1.16386, 1.26008, 1.88253) |	|	|				
1|	2470120|	5|	35.1736|	0.0233329 (0, 0.820703, 0) |	|	|				
1|	2470127|	5|	49.4823|	0.033987 (1.19193, 0.48982, 0) |	|	|				
1|	2470131|	5|	66.1954|	0.0234662 (0, 0, 1.55335) |	|	|				
1|	2470145|	5|	38.517|	0.0774703 (0, 2.44447, 0.539456) |	|	|				
1|	2470164|	5|	45.1623|	0.0719445 (0, 3.24918, 0) |	|	|				
1|	2470191|	5|	33.6274|	0.0394912 (0.789811, 0.538173, 0) |	|	|				
1|	2470206|	5|	25.0292|	0.0155293 (0, 0.388685, 0) |	|	|				
1|	2470207|	5|	34.3586|	0.128264 (0, 1.05334, 3.35363) |	|	|				
1|	2470216|	5|	36.3298|	0.0135837 (0, 0.493492, 0) |	|	|				
1|	2470234|	5|	36.0858|	0 (0, 0, 0) |	|	|				
1|	2470235|	5|	34.2471|	0 (0, 0, 0) |	|	|				
1|	2470244|	5|	57.2566|	0.0202718 (0.64648, 0.514212, 0) |	|	|				
1|	2470278|	5|	38.71|	0.0369906 (0.589434, 0.842469, 0) |	|	|				
1|	2470315|	5|	34.6491|	0.126834 (0.748578, 3.64609, 0) |	|	|				
1|	2470335|	5|	42.2841|	0 (0, 0, 0) |	|	|				
1|	2470344|	5|	47.2708|	0.0049397 (0, 0.233503, 0) |	|	|				
1|	2470363|	5|	37.6633|	0.0318368 (1.19908, 0, 0) |	|	|				
1|	2470369|	5|	26.5505|	0 (0, 0, 0) |	|	|				
1|	2470376|	5|	46.5991|	0.0219246 (0, 0.394169, 0.627499) |	|	|				
1|	2470386|	5|	27.482|	0.0189843 (0, 0.521726, 0) |	|	|				
1|	2470393|	5|	35.2553|	0.0541771 (0, 1.91003, 0) |	|	|				
1|	2470402|	5|	27.8521|	0.0212588 (0, 0, 0.592104) |	|	|				
1|	2470404|	5|	74.4587|	0.051255 (0, 2.94611, 0.870274) |	|	|				
1|	2482152|	5|	32.3142|	0 (0, 0, 0) |	|	|				
1|	2482156|	5|	38.9077|	0.0644578 (0, 1.80343, 0.704476) |	|	|				
1|	2482168|	5|	84.2563|	0.013388 (0, 0.611171, 0.51685) |	|	|				
1|	2482226|	5|	28.5026|	0.0367369 (0, 1.0471, 0) |	|	|				
1|	2482231|	5|	21.7124|	0.0657455 (0, 1.4275, 0) |	|	|				
1|	2482248|	5|	27.633|	0.0251358 (0, 0.694577, 0) |	|	|				
1|	2482270|	5|	58.5338|	0.0208877 (0, 1.22264, 0) |	|	|				
1|	2482273|	5|	37.2256|	0.0200349 (0.590804, 0.155007, 0) |	|	|				
1|	2482301|	5|	37.7284|	0.0326332 (0, 1.2312, 0) |	|	|				
1|	2482303|	5|	61.4219|	0.00900581 (0, 0, 0.553153) |	|	|				
1|	2482313|	5|	24.9238|	0.119731 (0, 2.38407, 0.600087) |	|	|				
1|	2482344|	5|	55.5735|	0.0312468 (0, 1.73649, 0) |	|	|				
1|	2482362|	5|	54.9196|	0.0375988 (0, 0.200503, 1.86441) |	|	|				
1|	2482379|	5|	38.8006|	0.0233544 (0, 0.906164, 0) |	|	|				
1|	2482403|	5|	56.6126|	0.0758374 (0, 0, 4.29336) |	|	|				
1|	2482466|	5|	30.7492|	0.0473919 (0, 1.45726, 0) |	|	|				
1|	2482475|	5|	37.8449|	0 (0, 0, 0) |	|	|				
1|	2482481|	5|	30.259|	0.137171 (0.545234, 0.691744, 2.91367) |	|	|				
1|	2482503|	5|	25.7422|	0.0970605 (0.836192, 1.66236, 0) |	|	|				
1|	2482505|	5|	34.1254|	0.0130609 (0, 0.44571, 0) |	|	|				
1|	2482509|	5|	88.6605|	0.0240974 (1.91836, 0.218129, 0) |	|	|				
1|	2482524|	5|	43.3913|	0.0163655 (0, 0.71012, 0) |	|	|				
1|	2482533|	5|	40.4548|	0 (0, 0, 0) |	|	|				
1|	2482590|	5|	21.5129|	0.0578488 (0, 1.2445, 0) |	|	|				
1|	2482594|	5|	65.5686|	0.0168473 (0, 1.10466, 0) |	|	|				
1|	2482604|	5|	129.417|	0.0250719 (0, 3.24472, 0) |	|	|				
1|	2482612|	5|	41.1878|	0 (0, 0, 0) |	|	|				
1|	2482621|	5|	31.5333|	0.0771635 (0.579397, 1.2005, 0.653318) |	|	|				
1|	2482627|	5|	21.5785|	0.0214617 (0, 0.463112, 0) |	|	|				
1|	2482638|	5|	38.7812|	0.0157625 (0, 0.0894779, 0.521809) |	|	|				
1|	2482645|	5|	31.8455|	0.11246 (0.933505, 0.26504, 2.38279) |	|	|				
1|	2482650|	5|	70.3257|	0.0223091 (0, 0.918813, 0.650092) |	|	|				
1|	2482652|	5|	108.294|	0.00568503 (0, 0.615654, 0) |	|	|				
1|	2482654|	5|	39.8218|	0.0312706 (0, 1.24525, 0) |	|	|				
1|	2482655|	5|	60.7917|	0.0313408 (0, 1.90526, 0) |	|	|				
1|	2482684|	5|	32.3533|	0.00682033 (0, 0.22066, 0) |	|	|				
1|	2482692|	5|	56.8684|	0.00985072 (0, 0.560194, 0) |	|	|				
1|	2482719|	5|	21.2954|	0 (0, 0, 0) |	|	|				
1|	2482738|	5|	75.0351|	0.0196338 (0, 1.47322, 0) |	|	|				
1|	2482746|	5|	45.5984|	0 (0, 0, 0) |	|	|				
1|	2482775|	5|	63.5181|	0 (0, 0, 0) |	|	|				
1|	2482779|	5|	47.5102|	0.083429 (0, 3.96373, 0) |	|	|				
1|	2482782|	5|	52.0831|	0.068718 (0, 1.59844, 1.9806) |	|	|				
1|	2078512|	5|	48.8181|	0.0903639 (0.594732, 1.42144, 2.39522) |	|	|				
1|	2078525|	5|	35.8694|	0 (0, 0, 0) |	|	|				
1|	2078555|	5|	32.79|	0.0101535 (0, 0.332931, 0) |	|	|				
1|	2078582|	5|	31.4464|	0.0570537 (0, 1.79413, 0) |	|	|				
1|	2078604|	5|	62.7107|	0.051489 (0.912945, 2.31597, 0) |	|	|				
1|	2078609|	5|	28.8375|	0 (0, 0, 0) |	|	|				
1|	2078610|	5|	21.4171|	0.0249475 (0, 0.534304, 0) |	|	|				
1|	2078614|	5|	40.7201|	0.0852652 (1.53435, 1.93766, 0) |	|	|				
1|	2078618|	5|	25.7261|	0.057199 (0, 0.757257, 0.714254) |	|	|				
1|	2078629|	5|	38.2721|	0.0258979 (0.991167, 0, 0) |	|	|				
1|	2078641|	5|	45.8536|	0.0369563 (0, 0.878739, 0.815839) |	|	|				
1|	2078643|	5|	50.356|	0.0772134 (0, 2.76433, 1.12383) |	|	|				
1|	2078651|	5|	67.5441|	0.0578943 (1.68101, 2.22941, 0) |	|	|				
1|	2078675|	5|	61.6212|	0 (0, 0, 0) |	|	|				
1|	2078708|	5|	78.4911|	0.0143154 (0, 0.443693, 0.67994) |	|	|				
1|	2078765|	5|	39.2889|	0.0279957 (0, 1.09992, 0) |	|	|				
1|	2078771|	5|	43.7362|	0.0371113 (0, 0.37457, 1.24854) |	|	|				
1|	2078801|	5|	31.4174|	0.0599421 (0, 0.564112, 1.31911) |	|	|				
1|	2078804|	5|	76.752|	0 (0, 0, 0) |	|	|				
1|	2078823|	5|	39.1122|	0.00893921 (0, 0.349633, 0) |	|	|				
1|	2078857|	5|	69.5437|	0.0276303 (0, 0.214134, 1.70738) |	|	|				
1|	2078867|	5|	24.4069|	0 (0, 0, 0) |	|	|				
1|	2078907|	5|	83.4618|	0.00846335 (0, 0.706367, 0) |	|	|				
1|	2078914|	5|	72.6609|	0.00806535 (0, 0.586035, 0) |	|	|				
1|	2078922|	5|	32.4782|	0.0656967 (2.13371, 0, 0) |	|	|				
1|	2078930|	5|	31.1359|	0.0249454 (0, 0, 0.776697) |	|	|				
1|	2078952|	5|	28.866|	0.0175276 (0, 0.505952, 0) |	|	|				
1|	2078953|	5|	28.4082|	0.0657899 (0, 1.86897, 0) |	|	|				
1|	2078961|	5|	44.1749|	0.132373 (1.67506, 1.59985, 2.57267) |	|	|				
1|	2078965|	5|	45.2241|	0 (0, 0, 0) |	|	|				
1|	2078967|	5|	42.5429|	0.0518131 (0, 1.63908, 0.5652) |	|	|				
1|	2079039|	5|	68.7847|	0.0339051 (0, 1.74578, 0.586375) |	|	|				
1|	2079043|	5|	80.78|	0.0113279 (0, 0, 0.915069) |	|	|				
1|	2079044|	5|	33.7943|	0.00466682 (0, 0.157712, 0) |	|	|				
1|	2079065|	5|	39.7274|	0.0163731 (0, 0, 0.650461) |	|	|				
1|	2079087|	5|	40.5693|	0.0757962 (0, 2.54157, 0.53343) |	|	|				
1|	2079099|	5|	26.261|	0 (0, 0, 0) |	|	|				
1|	2079111|	5|	43.9189|	0.0370376 (0, 0.255452, 1.3712) |	|	|				
1|	2079125|	5|	71.1772|	0.0425321 (0.924451, 1.00289, 1.09998) |	|	|				
1|	2079135|	5|	36.2388|	0 (0, 0, 0) |	|	|				
1|	2533503|	6|	49.8797|	0.0662523 (0, 1.97799, 1.32665) |	|	|				
1|	2533522|	6|	63.5973|	0.0490185 (0.660576, 2.45687, 0) |	|	|				
1|	2533525|	6|	33.611|	0.0506148 (1.70121, 0, 0) |	|	|				
1|	2533533|	6|	33.6051|	0 (0, 0, 0) |	|	|				
1|	2533568|	6|	49.6198|	0 (0, 0, 0) |	|	|				
1|	2533585|	6|	38.4193|	0.0937732 (0, 3.6027, 0) |	|	|				
1|	2533604|	6|	23.0894|	0.0768342 (0.759811, 0.30476, 0.709487) |	|	|				
1|	2533607|	6|	28.1971|	0.0166632 (0, 0.469852, 0) |	|	|				
1|	2533608|	6|	39.9463|	0.0472077 (0, 1.88577, 0) |	|	|				
1|	2533630|	6|	40.9734|	0 (0, 0, 0) |	|	|				
1|	2533631|	6|	49.0662|	0.00521621 (0, 0.25594, 0) |	|	|				
1|	2533635|	6|	82.0902|	0.0122271 (0.513149, 0.490579, 0) |	|	|				
1|	2533638|	6|	30.0649|	0.147458 (2.83963, 0.940608, 0.65307) |	|	|				
1|	2533658|	6|	82.073|	0.0526633 (0, 2.10107, 2.22116) |	|	|				
1|	2533666|	6|	42.4036|	0.0142853 (0, 0, 0.605747) |	|	|				
1|	2533673|	6|	71.91|	0 (0, 0, 0) |	|	|				
1|	2533724|	6|	48.0766|	0.0360297 (0, 1.73219, 0) |	|	|				
1|	2533727|	6|	33.5198|	0.0742214 (0, 2.48789, 0) |	|	|				
1|	2533767|	6|	23.7967|	0.093471 (0, 1.26583, 0.958472) |	|	|				
1|	2533776|	6|	69.3498|	0.00499308 (0, 0.346269, 0) |	|	|				
1|	2533778|	6|	78.2252|	0.0138295 (0.802134, 0.279684, 0) |	|	|				
1|	2533783|	6|	53.1672|	0.0188285 (0, 1.00106, 0) |	|	|				
1|	2533784|	6|	47.6944|	0.00453929 (0, 0.216499, 0) |	|	|				
1|	2533785|	6|	38.0741|	0.0155838 (0, 0.59334, 0) |	|	|				
1|	2533800|	6|	42.4336|	0.0249136 (0.709306, 0.347866, 0) |	|	|				
1|	2533807|	6|	59.1655|	0.0229962 (0, 1.36058, 0) |	|	|				
1|	2533812|	6|	55.4175|	0 (0, 0, 0) |	|	|				
1|	2533827|	6|	27.9055|	0.113153 (0, 3.1576, 0) |	|	|				
1|	2533834|	6|	46.889|	0.0129159 (0, 0.605613, 0) |	|	|				
1|	2533873|	6|	53.5794|	0.0370045 (0.648194, 1.33448, 0) |	|	|				
1|	2533891|	6|	26.6647|	0 (0, 0, 0) |	|	|				
1|	2533900|	6|	38.597|	0.0611361 (0, 0, 2.35967) |	|	|				
1|	2533906|	6|	44.4203|	0.0116373 (0, 0.516932, 0) |	|	|				
1|	2533927|	6|	38.1492|	0.0580536 (0.691891, 1.52281, 0) |	|	|				
1|	2533960|	6|	41.4752|	0.0155712 (0.64582, 0, 0) |	|	|				
1|	2533974|	6|	53.1331|	0.0216795 (1.1519, 0, 0) |	|	|				
1|	2534003|	6|	71.6883|	0.0272591 (0, 1.95416, 0) |	|	|				
1|	2534060|	6|	50.4542|	0.0291599 (0, 0, 1.47124) |	|	|				
1|	2534104|	6|	60.1187|	0.0480666 (0, 2.8897, 0) |	|	|				
1|	2766212|	6|	21.4031|	0.0912142 (0, 1.95227, 0) |	|	|				
1|	2766229|	6|	30.8955|	0.0287904 (0, 0, 0.889492) |	|	|				
1|	2766238|	6|	28.2342|	0.0827783 (0, 2.33718, 0) |	|	|				
1|	2766245|	6|	31.1556|	0.00575384 (0, 0.179265, 0) |	|	|				
1|	2766262|	6|	21.2457|	0.0750217 (0.835418, 0.758474, 0) |	|	|				
1|	2766263|	6|	109.129|	0.00265531 (0, 0.289772, 0) |	|	|				
1|	2766279|	6|	39.5|	0.0879112 (0, 0.775994, 2.6965) |	|	|				
1|	2766286|	6|	23.5039|	0.100585 (0.79476, 1.56938, 0) |	|	|				
1|	2766295|	6|	45.4876|	0.0391813 (0, 1.78226, 0) |	|	|				
1|	2766306|	6|	86.0763|	0.00496216 (0, 0.427124, 0) |	|	|				
1|	2766344|	6|	71.6793|	0.0101137 (0, 0, 0.724945) |	|	|				
1|	2766348|	6|	29.0883|	0.0173557 (0, 0, 0.504847) |	|	|				
1|	2766396|	6|	34.6646|	0.0253339 (0, 0.878189, 0) |	|	|				
1|	2766433|	6|	63.5109|	0.0029094 (0, 0.184779, 0) |	|	|				
1|	2766434|	6|	45.2962|	0.0541864 (0.797073, 1.65736, 0) |	|	|				
1|	2766442|	6|	39.0558|	0.0422881 (1.6516, 0, 0) |	|	|				
1|	2766445|	6|	24.9763|	0.0330542 (0, 0.825573, 0) |	|	|				
1|	2766460|	6|	47.122|	0.0323766 (0, 0, 1.52565) |	|	|				
1|	2766467|	6|	66.508|	0.0183728 (0, 0.59413, 0.627807) |	|	|				
1|	2766482|	6|	28.1115|	0.0438765 (0, 0.423786, 0.809648) |	|	|				
1|	2766486|	6|	30.8558|	0.0257679 (0, 0.795088, 0) |	|	|				
1|	2766529|	6|	58.1785|	0.00981943 (0.571279, 0, 0) |	|	|				
1|	2766539|	6|	36.7612|	0.00882088 (0, 0.324266, 0) |	|	|				
1|	2766557|	6|	39.4345|	0.0220365 (0.643755, 0.225244, 0) |	|	|				
1|	2766564|	6|	97.9688|	0.00826125 (0, 0, 0.809345) |	|	|				
1|	2766567|	6|	59.9748|	0.00595618 (0, 0.357221, 0) |	|	|				
1|	2766638|	6|	68.7763|	0.0373715 (0.563603, 0.690102, 1.31657) |	|	|				
1|	2766639|	6|	46.0534|	0.0639522 (0, 1.62098, 1.32423) |	|	|				
1|	2766654|	6|	47.6407|	0.0150815 (0, 0.718492, 0) |	|	|				
1|	2766664|	6|	25.7118|	0.0591363 (1.0248, 0.495703, 0) |	|	|				
1|	2766682|	6|	33.306|	0.029748 (0, 0.990788, 0) |	|	|				
1|	2766700|	6|	22.1804|	0 (0, 0, 0) |	|	|				
1|	2766710|	6|	30.2785|	0.00661752 (0, 0.200369, 0) |	|	|				
1|	2766713|	6|	38.721|	0.0401655 (0.763595, 0.791655, 0) |	|	|				
1|	2766747|	6|	56.386|	0.141108 (0.602415, 7.3541, 0) |	|	|				
1|	2766755|	6|	41.2144|	0.0146302 (0.602974, 0, 0) |	|	|				
1|	2766769|	6|	30.1821|	0.00606761 (0, 0.183133, 0) |	|	|				
1|	2766770|	6|	26.9448|	0 (0, 0, 0) |	|	|				
1|	2766790|	6|	83.8363|	0.0191819 (0.907302, 0.700835, 0) |	|	|				
1|	2766793|	6|	26.9793|	0.0562087 (0.851353, 0.665119, 0) |	|	|				
1|	2766814|	6|	20.7155|	0.0418294 (0.866519, 0, 0) |	|	|				
1|	2766847|	6|	66.9569|	0.0365825 (0, 2.44945, 0) |	|	|				
1|	2614101|	6|	36.3191|	0.00543338 (0, 0.197335, 0) |	|	|				
1|	2614122|	6|	35.7593|	0.0311413 (0, 0.290926, 0.822664) |	|	|				
1|	2614135|	6|	72.3198|	0.0470988 (0, 1.60724, 1.79893) |	|	|				
1|	2614144|	6|	22.385|	0.0935377 (0, 1.49641, 0.597423) |	|	|				
1|	2614152|	6|	39.1366|	0.0948684 (1.9554, 1.2466, 0.510828) |	|	|				
1|	2614155|	6|	35.6203|	0.0244984 (0, 0.872639, 0) |	|	|				
1|	2614157|	6|	30.9108|	0.0252056 (0, 0.779124, 0) |	|	|				
1|	2614162|	6|	33.2166|	0.0694138 (0.819206, 0.20898, 1.2775) |	|	|				
1|	2614173|	6|	39.0052|	0.064001 (0, 1.88784, 0.60853) |	|	|				
1|	2614190|	6|	21.904|	0.0920643 (0, 1.28657, 0.730006) |	|	|				
1|	2614228|	6|	28.7981|	0.0283273 (0, 0.815771, 0) |	|	|				
1|	2614256|	6|	35.3313|	0.0108971 (0, 0.385007, 0) |	|	|				
1|	2614265|	6|	48.4773|	0.047058 (0, 2.28124, 0) |	|	|				
1|	2614268|	6|	24.8444|	0 (0, 0, 0) |	|	|				
1|	2614292|	6|	50.7549|	0.0603076 (0, 1.74807, 1.31283) |	|	|				
1|	2614313|	6|	25.1302|	0.0359773 (0, 0.904118, 0) |	|	|				
1|	2614321|	6|	32.8379|	0.0196468 (0.645161, 0, 0) |	|	|				
1|	2614340|	6|	20.197|	0.0251485 (0, 0, 0.507923) |	|	|				
1|	2614357|	6|	115.732|	0.0387823 (1.19944, 3.28892, 0) |	|	|				
1|	2614378|	6|	42.9689|	0.0875038 (0, 2.38382, 1.37612) |	|	|				
1|	2614391|	6|	39.5739|	0.0485438 (0, 1.92107, 0) |	|	|				
1|	2614392|	6|	20.367|	0.044574 (0, 0, 0.907838) |	|	|				
1|	2614397|	6|	52.6342|	0.065095 (0, 0.797341, 2.62888) |	|	|				
1|	2614400|	6|	56.6841|	0 (0, 0, 0) |	|	|				
1|	2614402|	6|	47.6429|	0.0732896 (0, 3.49173, 0) |	|	|				
1|	2614419|	6|	21.2797|	0.103548 (0, 1.59479, 0.608677) |	|	|				
1|	2614439|	6|	22.8765|	0.0105507 (0, 0.241363, 0) |	|	|				
1|	2614478|	6|	54.5805|	0.0680862 (0, 1.10342, 2.61276) |	|	|				
1|	2614512|	6|	50.0866|	0.0134658 (0, 0.674454, 0) |	|	|				
1|	2614520|	6|	25.8541|	0 (0, 0, 0) |	|	|				
1|	2614545|	6|	39.5118|	0.00625586 (0, 0.24718, 0) |	|	|				
1|	2614563|	6|	48.466|	0.133276 (4.49766, 0.69724, 1.26444) |	|	|				
1|	2614581|	6|	37.2749|	0.124313 (0.916616, 2.35133, 1.36582) |	|	|				
1|	2614613|	6|	31.853|	0 (0, 0, 0) |	|	|				
1|	2614624|	6|	25.0757|	0 (0, 0, 0) |	|	|				
1|	2614626|	6|	72.7162|	0.00835738 (0, 0.607717, 0) |	|	|				
1|	2614642|	6|	62.2746|	0 (0, 0, 0) |	|	|				
1|	2614643|	6|	31.9613|	0.118176 (0.68072, 1.95714, 1.13919) |	|	|				
1|	2614658|	6|	53.7909|	0.0585011 (0.892674, 2.25416, 0) |	|	|				
1|	2614662|	6|	25.6351|	0.084154 (2.15729, 0, 0) |	|	|				
1|	2614685|	6|	58.0623|	0 (0, 0, 0) |	|	|				
1|	2614691|	6|	124.492|	0 (0, 0, 0) |	|	|				
1|	2614693|	6|	38.4505|	0.0421298 (0, 1.61991, 0) |	|	|				
1|	2614732|	6|	71.7245|	0.0133281 (0, 0.955951, 0) |	|	|				
1|	2614737|	6|	44.8796|	0.0133365 (0, 0.598536, 0) |	|	|				
1|	2614739|	6|	41.4557|	0.016748 (0, 0.145593, 0.548708) |	|	|				
1|	2687557|	6|	23.7338|	0.0617184 (0, 1.46481, 0) |	|	|				
1|	2687581|	6|	58.2633|	0 (0, 0, 0) |	|	|				
1|	2687593|	6|	41.3962|	0.0382128 (0, 1.58187, 0) |	|	|				
1|	2687608|	6|	28.3712|	0.0322755 (0.686574, 0.22912, 0) |	|	|				
1|	2687648|	6|	65.524|	0.0441052 (0.895294, 1.99466, 0) |	|	|				
1|	2687675|	6|	55.4659|	0.0388174 (0, 2.15304, 0) |	|	|				
1|	2687690|	6|	30.2771|	0.0248389 (0, 0.752049, 0) |	|	|				
1|	2687703|	6|	48.5753|	0.00911556 (0, 0.442791, 0) |	|	|				
1|	2687711|	6|	75.9719|	0.0138822 (0, 0, 1.05466) |	|	|				
1|	2687717|	6|	35.733|	0.0152886 (0, 0.546306, 0) |	|	|				
1|	2687770|	6|	52.6365|	0.0107091 (0, 0.56369, 0) |	|	|				
1|	2687778|	6|	23.5911|	0.0494611 (0, 0.180153, 0.986687) |	|	|				
1|	2687782|	6|	52.8382|	0 (0, 0, 0) |	|	|				
1|	2687793|	6|	33.9376|	0.0125747 (0, 0.426756, 0) |	|	|				
1|	2687823|	6|	41.984|	0.0467708 (1.31547, 0.648157, 0) |	|	|				
1|	2687831|	6|	26.9081|	0.0364847 (0.771144, 0.21059, 0) |	|	|				
1|	2687849|	6|	49.2545|	0.0910154 (0.699989, 3.78293, 0) |	|	|				
1|	2687877|	6|	69.1998|	0.0537761 (0, 2.01273, 1.70856) |	|	|				
1|	2687881|	6|	44.7662|	0.00211892 (0, 0.094856, 0) |	|	|				
1|	2687884|	6|	26.8991|	0.136843 (0.845901, 1.88665, 0.948402) |	|	|				
1|	2687897|	6|	40.1502|	0.0312542 (0, 1.25486, 0) |	|	|				
1|	2687915|	6|	47.5402|	0.0884255 (1.50021, 1.61059, 1.09296) |	|	|				
1|	2687918|	6|	42.7607|	0.0763839 (0, 3.26623, 0) |	|	|				
1|	2687923|	6|	47.2704|	0.0132161 (0, 0.624732, 0) |	|	|				
1|	2687925|	6|	28.8462|	0.0468522 (0, 0.560776, 0.790733) |	|	|				
1|	2687933|	6|	27.51|	0.105937 (1.00162, 1.382, 0.530702) |	|	|				
1|	2688001|	6|	36.3894|	0.0297897 (0, 0.123779, 0.960252) |	|	|				
1|	2688002|	6|	77.7827|	0.019154 (0, 1.48985, 0) |	|	|				
1|	2688004|	6|	128.719|	0.00826769 (0, 1.06421, 0) |	|	|				
1|	2688007|	6|	25.6058|	0 (0, 0, 0) |	|	|				
1|	2688042|	6|	40.63|	0.0177249 (0, 0.720163, 0) |	|	|				
1|	2688058|	6|	49.1524|	0.00851827 (0, 0.418694, 0) |	|	|				
1|	2688059|	6|	46.7539|	0.024116 (0, 1.12752, 0) |	|	|				
1|	2688130|	6|	30.7029|	0.0668722 (0.666627, 1.38654, 0) |	|	|				
1|	2688136|	6|	44.1321|	0.0541046 (1.60738, 0.780366, 0) |	|	|				
1|	2688148|	6|	81.1666|	0.0146323 (0.797316, 0.390339, 0) |	|	|				
1|	2688154|	6|	27.0211|	0.0292737 (0.791009, 0, 0) |	|	|				
1|	2688155|	6|	27.5058|	0.125849 (0, 3.46158, 0) |	|	|				
1|	2688170|	6|	51.9619|	0.002558 (0, 0.132918, 0) |	|	|				
1|	3868187|	8|	51.3307|	0.00513984 (0, 0.263831, 0) |	|	|				
1|	3868197|	8|	26.0921|	0 (0, 0, 0) |	|	|				
1|	3868218|	8|	67.7895|	0.00629283 (0, 0.426588, 0) |	|	|				
1|	3868219|	8|	41.1068|	0.0309202 (0, 0.396425, 0.874607) |	|	|				
1|	3868223|	8|	23.4768|	0.0755269 (0, 0.517042, 1.25609) |	|	|				
1|	3868288|	8|	34.1287|	0.135765 (0, 1.65574, 2.97774) |	|	|				
1|	3868295|	8|	20.3863|	0.0687456 (0.663108, 0, 0.738362) |	|	|				
1|	3868298|	8|	50.103|	0 (0, 0, 0) |	|	|				
1|	3868325|	8|	40.6061|	0.00434088 (0, 0.176266, 0) |	|	|				
1|	3868360|	8|	56.7799|	0 (0, 0, 0) |	|	|				
1|	3868366|	8|	70.9581|	0 (0, 0, 0) |	|	|				
1|	3868388|	8|	79.8856|	0.0131879 (0, 1.05353, 0) |	|	|				
1|	3868403|	8|	75.1613|	0.0131452 (0, 0.988013, 0) |	|	|				
1|	3868419|	8|	27.6295|	0.108512 (2.99814, 0, 0) |	|	|				
1|	3868426|	8|	38.5476|	0.0512046 (0, 1.97381, 0) |	|	|				
1|	3868434|	8|	59.8322|	0.0341967 (0, 0.604028, 1.44203) |	|	|				
1|	3868483|	8|	64.3928|	0.018281 (0, 1.17716, 0) |	|	|				
1|	3868492|	8|	56.2655|	0.0565001 (0.928538, 1.71388, 0.536581) |	|	|				
1|	3868494|	8|	41.3172|	0.049459 (0, 0, 2.04351) |	|	|				
1|	3868560|	8|	31.0108|	0 (0, 0, 0) |	|	|				
1|	3868566|	8|	46.9157|	0.12206 (0, 4.25071, 1.4758) |	|	|				
1|	3868600|	8|	49.8788|	0.00266966 (0, 0.133159, 0) |	|	|				
1|	3868629|	8|	27.1395|	0 (0, 0, 0) |	|	|				
1|	3868632|	8|	40.5116|	0.0383512 (0, 1.55367, 0) |	|	|				
1|	3868633|	8|	26.8976|	0.0327138 (0, 0.87992, 0) |	|	|				
1|	3868686|	8|	29.3246|	0.0242584 (0, 0, 0.711366) |	|	|				
1|	3868688|	8|	88.6742|	0 (0, 0, 0) |	|	|				
1|	3868700|	8|	64.2178|	0.0207329 (0, 1.33142, 0) |	|	|				
1|	3868723|	8|	33.1974|	0 (0, 0, 0) |	|	|				
1|	3868727|	8|	103.812|	0.00821483 (0, 0.852802, 0) |	|	|				
1|	3868736|	8|	35.7837|	0.024472 (0, 0.8757, 0) |	|	|				
1|	3868746|	8|	23.7625|	0.0394386 (0, 0.937161, 0) |	|	|				
1|	3868765|	8|	81.467|	0.00790082 (0, 0, 0.643656) |	|	|				
1|	3868780|	8|	21.2524|	0.0729951 (0, 1.05021, 0.501113) |	|	|				
1|	3868783|	8|	78.0557|	0.0244539 (0, 1.90877, 0) |	|	|				
1|	3868786|	8|	47.1803|	0 (0, 0, 0) |	|	|				
1|	3816189|	8|	45.7965|	0 (0, 0, 0) |	|	|				
1|	3816200|	8|	36.0076|	0.048031 (0, 0.106611, 1.62287) |	|	|				
1|	3816201|	8|	53.0608|	0.0239286 (0, 0, 1.26967) |	|	|				
1|	3816208|	8|	49.2766|	0.0340204 (0, 1.67641, 0) |	|	|				
1|	3816212|	8|	28.7988|	0.0263079 (0, 0.757636, 0) |	|	|				
1|	3816239|	8|	64.6957|	0.0308161 (0, 1.24203, 0.75164) |	|	|				
1|	3816240|	8|	86.1431|	0.00627173 (0, 0.540266, 0) |	|	|				
1|	3816257|	8|	81.2871|	0.00207538 (0, 0.168702, 0) |	|	|				
1|	3816262|	8|	36.2426|	0 (0, 0, 0) |	|	|				
1|	3816276|	8|	52.2042|	0 (0, 0, 0) |	|	|				
1|	3816285|	8|	37.5124|	0.00702876 (0, 0.263666, 0) |	|	|				
1|	3816292|	8|	26.2794|	0.105606 (0, 1.63717, 1.13808) |	|	|				
1|	3816293|	8|	64.4762|	0.0122798 (0, 0.218992, 0.572764) |	|	|				
1|	3816297|	8|	78.6843|	0.0434943 (0, 0.933905, 2.48841) |	|	|				
1|	3816312|	8|	51.6331|	0 (0, 0, 0) |	|	|				
1|	3816320|	8|	43.8955|	0.037634 (0, 1.65196, 0) |	|	|				
1|	3816323|	8|	47.6739|	0.0559306 (0, 2.66643, 0) |	|	|				
1|	3816325|	8|	71.205|	0.023096 (0.758406, 0.886147, 0) |	|	|				
1|	3816327|	8|	27.2059|	0.026097 (0, 0.709994, 0) |	|	|				
1|	3816373|	8|	30.4424|	0.0325021 (0, 0.989441, 0) |	|	|				
1|	3816385|	8|	173.743|	0.0064444 (0, 0.481033, 0.638638) |	|	|				
1|	3816403|	8|	27.2717|	0.126534 (0.946607, 1.86057, 0.643621) |	|	|				
1|	3816411|	8|	40.9345|	0.0722265 (0, 2.95656, 0) |	|	|				
1|	3816414|	8|	29.1371|	0.013336 (0, 0.388572, 0) |	|	|				
1|	3816455|	8|	41.699|	0.0602959 (0, 1.85889, 0.655383) |	|	|				
1|	3816459|	8|	33.1503|	0 (0, 0, 0) |	|	|				
1|	3816461|	8|	47.3276|	0.0302115 (0, 0.781365, 0.648472) |	|	|				
1|	3816464|	8|	89.2962|	0.0319688 (0.87607, 1.97862, 0) |	|	|				
1|	3816513|	8|	67.6125|	0.0141506 (0, 0.956756, 0) |	|	|				
1|	3816534|	8|	98.2729|	0.0249949 (0.925758, 1.53056, 0) |	|	|				
1|	3816580|	8|	58.4111|	0.0190013 (0, 1.10989, 0) |	|	|				
1|	3816582|	8|	84.0755|	0.0146417 (1.00504, 0.225973, 0) |	|	|				
1|	3816598|	8|	60.6853|	0.0115026 (0, 0, 0.698037) |	|	|				
1|	3816614|	8|	25.7231|	0.0316244 (0, 0.813477, 0) |	|	|				
1|	3816619|	8|	41.3576|	0 (0, 0, 0) |	|	|				
1|	3816620|	8|	76.9365|	0.0575642 (0, 4.42879, 0) |	|	|				
1|	3816621|	8|	63.4314|	0 (0, 0, 0) |	|	|				
1|	3816658|	8|	87.6564|	0 (0, 0, 0) |	|	|				
1|	3816662|	8|	36.8|	0.06945 (0, 1.96191, 0.593851) |	|	|				
1|	3816663|	8|	46.1712|	0.0237069 (0, 1.09458, 0) |	|	|				
1|	3816674|	8|	58.6308|	0 (0, 0, 0) |	|	|				
1|	3816691|	8|	38.3768|	0.0981031 (1.65861, 1.38211, 0.724157) |	|	|				
1|	3816704|	8|	36.5931|	0.0689716 (0, 2.52389, 0) |	|	|				
1|	3816742|	8|	30.642|	0 (0, 0, 0) |	|	|				
1|	3771334|	8|	28.2772|	0 (0, 0, 0) |	|	|				
1|	3771346|	8|	42.2931|	0.0526846 (0, 2.22819, 0) |	|	|				
1|	3771352|	8|	45.5017|	0.0549766 (0.791368, 1.71016, 0) |	|	|				
1|	3771355|	8|	61.0654|	0.0812646 (1.9865, 2.36502, 0.610932) |	|	|				
1|	3771408|	8|	33.3666|	0.0506623 (1.69043, 0, 0) |	|	|				
1|	3771409|	8|	59.5978|	0.0324848 (0, 0.925135, 1.01089) |	|	|				
1|	3771426|	8|	39.7291|	0.0213092 (0.846597, 0, 0) |	|	|				
1|	3771439|	8|	46.847|	0 (0, 0, 0) |	|	|				
1|	3771456|	8|	22.8455|	0 (0, 0, 0) |	|	|				
1|	3771471|	8|	69.5414|	0.0506924 (0.785008, 2.74021, 0) |	|	|				
1|	3771483|	8|	49.5431|	0.0884311 (0, 3.82224, 0.558913) |	|	|				
1|	3771485|	8|	28.0564|	0.0488687 (0, 1.37108, 0) |	|	|				
1|	3771486|	8|	70.0442|	0.00854497 (0, 0.598526, 0) |	|	|				
1|	3771499|	8|	50.245|	0.00805846 (0, 0.404897, 0) |	|	|				
1|	3771510|	8|	49.3416|	0.00399287 (0, 0.197015, 0) |	|	|				
1|	3771525|	8|	107.566|	0.00414945 (0, 0.446339, 0) |	|	|				
1|	3771543|	8|	53.5145|	0.0315271 (0.805193, 0.167207, 0.714754) |	|	|				
1|	3771545|	8|	44.0932|	0 (0, 0, 0) |	|	|				
1|	3771579|	8|	62.73|	0.00910889 (0, 0.571401, 0) |	|	|				
1|	3771587|	8|	35.9159|	0.0265332 (0, 0, 0.952965) |	|	|				
1|	3771611|	8|	126.342|	0.021615 (1.90753, 0.823364, 0) |	|	|				
1|	3771653|	8|	34.6649|	0.00496815 (0, 0.17222, 0) |	|	|				
1|	3771682|	8|	52.5191|	0.0673754 (2.51315, 1.02534, 0) |	|	|				
1|	3771697|	8|	74.9763|	0.056688 (0.82406, 1.3198, 2.10639) |	|	|				
1|	3771703|	8|	47.2918|	0.0559134 (0, 0.539635, 2.10461) |	|	|				
1|	3771707|	8|	29.9092|	0.0851539 (1.001, 1.54589, 0) |	|	|				
1|	3771723|	8|	43.9241|	0.0251089 (0.528095, 0, 0.574792) |	|	|				
1|	3771747|	8|	46.9866|	0.00638364 (0, 0.299946, 0) |	|	|				
1|	3771755|	8|	47.5864|	0 (0, 0, 0) |	|	|				
1|	3771788|	8|	26.316|	0.0557641 (0.833633, 0, 0.633855) |	|	|				
1|	3771838|	8|	141.629|	0 (0, 0, 0) |	|	|				
1|	3771850|	8|	24.249|	0.0100321 (0, 0.243268, 0) |	|	|				
1|	3771866|	8|	120.584|	0 (0, 0, 0) |	|	|				
1|	3771871|	8|	36.3499|	0.096817 (0.853671, 2.66562, 0) |	|	|				
1|	3771899|	8|	51.4925|	0.0598096 (0, 3.07974, 0) |	|	|				
1|	3771917|	8|	20.5259|	0.0396642 (0, 0.814142, 0) |	|	|				
1|	3771923|	8|	25.1541|	0 (0, 0, 0) |	|	|				
1|	3771938|	8|	41.3701|	0 (0, 0, 0) |	|	|				
1|	3771945|	8|	30.6492|	0.0378391 (0, 1.15974, 0) |	|	|				
1|	3817457|	8|	50.7989|	0.0252894 (0, 1.28467, 0) |	|	|				
1|	3817463|	8|	41.5936|	0.00950645 (0, 0.395407, 0) |	|	|				
1|	3817485|	8|	34.0423|	0.0984132 (0.933041, 2.41717, 0) |	|	|				
1|	3817487|	8|	38.59|	0.0342798 (1.11727, 0.20559, 0) |	|	|				
1|	3817511|	8|	24.2346|	0.0874568 (1.18363, 0.935851, 0) |	|	|				
1|	3817543|	8|	21.657|	0.0266271 (0, 0.576663, 0) |	|	|				
1|	3817546|	8|	49.5402|	0 (0, 0, 0) |	|	|				
1|	3817588|	8|	138.545|	0.00438981 (0, 0.608186, 0) |	|	|				
1|	3817624|	8|	38.9482|	0.0210049 (0, 0, 0.818103) |	|	|				
1|	3817642|	8|	26.4786|	0 (0, 0, 0) |	|	|				
1|	3817652|	8|	51.2395|	0 (0, 0, 0) |	|	|				
1|	3817675|	8|	51.0041|	0.0194268 (0, 0.415301, 0.575547) |	|	|				
1|	3817702|	8|	42.7904|	0 (0, 0, 0) |	|	|				
1|	3817705|	8|	37.8994|	0 (0, 0, 0) |	|	|				
1|	3817729|	8|	23.6764|	0.0757891 (0, 0.133683, 1.66073) |	|	|				
1|	3817738|	8|	49.2549|	0.0117909 (0, 0.580758, 0) |	|	|				
1|	3817747|	8|	34.0411|	0.0794669 (1.84153, 0, 0.863613) |	|	|				
1|	3817754|	8|	43.6627|	0.123476 (0, 4.85932, 0.531993) |	|	|				
1|	3817763|	8|	56.8787|	0.0649083 (0, 3.6919, 0) |	|	|				
1|	3817782|	8|	36.8981|	0.00824803 (0, 0.304337, 0) |	|	|				
1|	3817803|	8|	40.7958|	0.0226134 (0, 0.922531, 0) |	|	|				
1|	3817809|	8|	25.2808|	0.0125289 (0, 0.31674, 0) |	|	|				
1|	3817826|	8|	23.6233|	0 (0, 0, 0) |	|	|				
1|	3817843|	8|	60.2597|	0.0114957 (0, 0, 0.69273) |	|	|				
1|	3817846|	8|	39.3988|	0.0765942 (0, 3.01772, 0) |	|	|				
1|	3817848|	8|	23.1126|	0.122704 (0.947287, 1.88872, 0) |	|	|				
1|	3817860|	8|	43.0878|	0.00288526 (0, 0.124319, 0) |	|	|				
1|	3817865|	8|	63.7741|	0.0334189 (0, 0.62229, 1.50897) |	|	|				
1|	3817893|	8|	31.3615|	0.0971369 (0.925132, 0.693894, 1.42734) |	|	|				
1|	3817908|	8|	39.7707|	0 (0, 0, 0) |	|	|				
1|	3817928|	8|	26.6173|	0.0774852 (0.75412, 1.30833, 0) |	|	|				
1|	3817961|	8|	49.7992|	0.0516854 (0, 1.82343, 0.750462) |	|	|				
1|	3817962|	8|	38.2959|	0.0489038 (0, 0, 1.87282) |	|	|				
1|	3817989|	8|	60.7716|	0.0308922 (0, 0, 1.87737) |	|	|				
1|	3818075|	8|	75.3374|	0.00967025 (0, 0.728532, 0) |	|	|				
1|	3818089|	8|	58.483|	0.0344588 (0.789463, 0, 1.22579) |	|	|				


