MTW > 40 GeV:
------------------------------------------------------------------------------------
Initial	Scrap	HEHB	Trigger	PV	Muon	LMVeto	LEVeto	Jet	MT	bTag

19069	19069	0	1444	1444	1187	1186	1185	564	442	0
------------------------------------------------------------------------------------

RunNumber|	EventNumber|	LumiBlock|	ptLepton|	relIso|	ptjet1|	ptjet2|	MET|	MT|	btagjet1|	btagjet2
================================================================================================================================
1|	2807840|	6|	26.6473|	0.100064 (0, 1.19311, 1.47333) |	79.7423|	48.5794|	45.3852|	66.968|	|	
1|	2807843|	6|	82.7322|	0.0124639 (0, 0.364847, 0.666321) |	95.0402|	65.1592|	37.3733|	94.155|	|	
1|	2807861|	6|	42.4721|	0.0073817 (0, 0.313516, 0) |	32.4375|	32.1079|	50.4129|	44.9679|	|	
1|	2807882|	6|	126.83|	0.00377139 (0, 0.478327, 0) |	94.0399|	32.1608|	31.6399|	113.295|	|	
1|	2807910|	6|	26.8292|	0.0126563 (0, 0.339558, 0) |	40.7901|	39.5442|	89.7324|	97.4109|	|	
1|	2807952|	6|	51.097|	0 (0, 0, 0) |	65.3066|	58.3268|	18.5705|	45.0508|	|	
1|	2808119|	6|	41.2946|	0.0368877 (0.523124, 1.00014, 0) |	86.8133|	61.9268|	62.819|	101.271|	|	
1|	2808133|	6|	57.876|	0.0150533 (0, 0.243057, 0.628165) |	57.1475|	52.8198|	42.7321|	84.9301|	|	
1|	2808197|	6|	50.8052|	0.0572585 (0, 1.28765, 1.62138) |	108.608|	38.4781|	119.092|	90.6049|	|	
1|	2808215|	6|	48.3096|	0.0820892 (3.03884, 0, 0.92686) |	79.4606|	63.8243|	80.9914|	80.1156|	|	
1|	2808228|	6|	39.3956|	0.0467029 (0, 1.19301, 0.646878) |	75.6433|	56.757|	50.9739|	76.5302|	|	
1|	2808252|	6|	44.7825|	0.00722682 (0, 0.323635, 0) |	46.4559|	37.0794|	16.4438|	54.2676|	|	
1|	2808313|	6|	22.129|	0.0971035 (0.732191, 0.90784, 0.508766) |	82.0478|	77.3412|	43.4694|	40.5833|	|	
1|	2808322|	6|	129.877|	0 (0, 0, 0) |	206.345|	54.5428|	44.7615|	47.2323|	|	
1|	2808350|	6|	47.8337|	0.0128622 (0, 0.615245, 0) |	78.2404|	54.0673|	32.8917|	68.9322|	|	
1|	2808379|	6|	38.5657|	0.0321423 (0, 0.529543, 0.710044) |	46.4101|	33.7855|	11.208|	41.5309|	|	
1|	2808421|	6|	29.3835|	0 (0, 0, 0) |	55.2017|	35.459|	58.1221|	82.6367|	|	
1|	3445461|	7|	23.4614|	0 (0, 0, 0) |	90.853|	54.9761|	43.6002|	52.8108|	|	
1|	3445499|	7|	24.3345|	0.0215969 (0, 0, 0.525552) |	116.204|	45.3836|	105.052|	62.7315|	|	
1|	3445520|	7|	31.3578|	0 (0, 0, 0) |	73.5764|	60.5532|	77.1989|	74.4362|	|	
1|	3445563|	7|	25.7831|	0.10104 (0, 0.795834, 1.80928) |	61.2528|	41.7237|	38.8063|	48.5477|	|	
1|	3445820|	7|	25.593|	0.0722355 (1.84872, 0, 0) |	92.9586|	73.0923|	76.0624|	87.9957|	|	
1|	3445916|	7|	50.5336|	0.0250094 (0, 1.26381, 0) |	55.471|	32.4243|	44.8504|	60.6561|	|	
1|	3445964|	7|	46.5551|	0.0395515 (0.793688, 1.04764, 0) |	39.384|	38.6167|	30.2248|	71.1912|	|	
1|	3446018|	7|	52.8951|	0.0738951 (3.60721, 0.301479, 0) |	47.0662|	36.6808|	49.9386|	100.443|	|	
1|	3446054|	7|	35.9235|	0.0361759 (0, 1.29956, 0) |	79.4708|	36.8101|	57.8592|	57.5111|	|	
1|	3446074|	7|	36.1837|	0.0636997 (0, 1.79172, 0.513176) |	185.234|	153.481|	56.1569|	58.8723|	|	
1|	3095798|	7|	74.0356|	0.0592237 (2.41444, 1.27076, 0.699458) |	48.9368|	46.6146|	38.5395|	94.7087|	|	
1|	3095809|	7|	37.8161|	0.021863 (0, 0.826774, 0) |	56.6102|	42.0209|	33.9455|	43.0878|	|	
1|	3095825|	7|	38.2604|	0.0720638 (0, 2.75719, 0) |	70.9354|	70.8677|	34.6056|	70.4254|	|	
1|	3095839|	7|	90.508|	0 (0, 0, 0) |	163.209|	54.3359|	62.0287|	60.1384|	|	
1|	3095886|	7|	74.5213|	0.00494372 (0, 0.368412, 0) |	60.9207|	36.6637|	29.4292|	79.2291|	|	
1|	3095894|	7|	28.2645|	0.00656989 (0, 0.185695, 0) |	46.2833|	30.9965|	62.6848|	72.7435|	|	
1|	3095977|	7|	56.1007|	0.016106 (0, 0.903557, 0) |	65.3986|	31.5019|	37.1409|	79.6387|	|	
1|	3095980|	7|	50.3215|	0 (0, 0, 0) |	49.8582|	33.9858|	26.189|	41.9673|	|	
1|	3096002|	7|	61.6589|	0.0836654 (0.820817, 1.97229, 2.36561) |	46.6084|	44.6245|	30.5134|	86.3847|	|	
1|	3096070|	7|	72.409|	0.0801856 (0, 4.64942, 1.15675) |	195.533|	113.644|	52.9522|	76.9626|	|	
1|	3096130|	7|	27.4121|	0.0320241 (0, 0, 0.877847) |	86.8673|	72.7128|	50.1065|	73.876|	|	
1|	3096157|	7|	40.7604|	0.0392879 (0.983306, 0.618085, 0) |	112.008|	57.4622|	50.2336|	90.4763|	|	
1|	3096226|	7|	37.8666|	0.0148956 (0, 0, 0.564044) |	67.7498|	51.9766|	59.3606|	94.8023|	|	
1|	3096243|	7|	42.24|	0.0398846 (1.68473, 0, 0) |	36.8473|	36.542|	51.1477|	68.7869|	|	
1|	3096297|	7|	63.1213|	0.0564487 (0.760722, 1.42723, 1.37516) |	152.54|	144.097|	74.2098|	133.251|	|	
1|	3096318|	7|	54.1681|	0.0529585 (0, 1.82797, 1.04069) |	45.1203|	40.7845|	22.2337|	41.7014|	|	
1|	3096374|	7|	57.0043|	0.0271538 (0, 1.54788, 0) |	78.2518|	60.7396|	46.6042|	54.0092|	|	
1|	3279731|	7|	24.9005|	0.0570743 (0, 1.42118, 0) |	140.777|	60.9715|	102.413|	88.1737|	|	
1|	3279767|	7|	35.2107|	0.0164549 (0, 0, 0.579389) |	58.9715|	41.5968|	71.5058|	68.9485|	|	
1|	3279770|	7|	30.2407|	0.0542812 (0, 1.6415, 0) |	82.4175|	78.5736|	36.2327|	63.8447|	|	
1|	3279815|	7|	46.4524|	0.0851621 (1.80425, 2.15173, 0) |	54.2195|	49.251|	45.4489|	81.34|	|	
1|	3279831|	7|	37.5397|	0.00587489 (0, 0.220541, 0) |	49.9104|	31.9848|	77.1681|	106.837|	|	
1|	3279834|	7|	20.2982|	0.0310231 (0, 0.629713, 0) |	66.3171|	32.0589|	96.9931|	72.8268|	|	
1|	3279909|	7|	35.9855|	0.0888782 (0, 0.215049, 2.98327) |	41.5322|	32.1097|	41.6171|	63.7031|	|	
1|	3279939|	7|	40.9017|	0.0689643 (1.57017, 1.25058, 0) |	54.6799|	49.9473|	48.1327|	87.8496|	|	
1|	3279940|	7|	61.8252|	0 (0, 0, 0) |	33.0424|	31.9007|	30.1879|	84.9929|	|	
1|	3279943|	7|	27.3865|	0 (0, 0, 0) |	53.3835|	34.2615|	75.7267|	68.8297|	|	
1|	3279998|	7|	63.6564|	0.0224393 (0, 1.4284, 0) |	98.5799|	30.6943|	37.0166|	64.9927|	|	
1|	3280040|	7|	82.0193|	0 (0, 0, 0) |	43.5555|	33.8156|	6.39446|	45.0199|	|	
1|	3280179|	7|	36.7143|	0.0104462 (0, 0.383525, 0) |	57.1854|	40.9423|	19.5317|	53.5492|	|	
1|	3280213|	7|	20.5799|	0.133372 (1.86138, 0.883395, 0) |	85.446|	45.7672|	62.4427|	69.1285|	|	
1|	3280221|	7|	59.769|	0.0398668 (0, 1.12619, 1.25661) |	96.8492|	83.9504|	20.9119|	59.7968|	|	
1|	3280261|	7|	108.914|	0.008799 (0, 0.206176, 0.75216) |	61.0744|	39.2876|	44.6472|	128.895|	|	
1|	3280270|	7|	53.595|	0 (0, 0, 0) |	119.517|	102.513|	21.9403|	43.824|	|	
1|	3280273|	7|	27.592|	0 (0, 0, 0) |	117.339|	44.4442|	117.234|	76.7357|	|	
1|	3905256|	8|	29.5371|	0.112206 (0, 0.318878, 2.99535) |	87.5046|	76.237|	59.1127|	81.5372|	|	
1|	3905286|	8|	33.72|	0 (0, 0, 0) |	103.165|	49.4136|	67.5817|	47.4991|	|	
1|	3905406|	8|	48.2824|	0.0384135 (0, 1.85469, 0) |	60.4645|	38.693|	47.0449|	91.1209|	|	
1|	3905426|	8|	69.6565|	0.00279232 (0, 0.194503, 0) |	33.3689|	32.7382|	43.9048|	110.361|	|	
1|	3905428|	8|	27.2938|	0 (0, 0, 0) |	109.225|	92.2991|	37.8922|	61.6563|	|	
1|	3905462|	8|	36.6967|	0.0271367 (0, 0.995828, 0) |	130.422|	118.08|	51.4705|	86.0231|	|	
1|	3905508|	8|	44.4095|	0 (0, 0, 0) |	64.3659|	58.4157|	66.6014|	107.82|	|	
1|	3905646|	8|	60.7895|	0.0154122 (0, 0.936898, 0) |	49.9608|	46.7999|	31.8673|	59.5431|	|	
1|	3905661|	8|	42.2652|	0 (0, 0, 0) |	61.975|	38.5498|	50.9859|	79.8046|	|	
1|	3905715|	8|	74.5594|	0.0840253 (0, 4.5781, 1.68678) |	59.9449|	31.2032|	74.1404|	114.981|	|	
1|	3905749|	8|	64.24|	0 (0, 0, 0) |	44.6753|	43.0178|	56.6751|	93.546|	|	
1|	165155|	1|	30.1345|	0 (0, 0, 0) |	52.2017|	39.4511|	33.2513|	51.8517|	|	
1|	165168|	1|	104.845|	0.0180688 (0, 1.89442, 0) |	58.4663|	37.9209|	26.565|	53.5424|	|	
1|	165222|	1|	36.9096|	0.0515839 (0, 1.90394, 0) |	48.5142|	35.8036|	64.541|	62.8665|	|	
1|	165237|	1|	29.9433|	0 (0, 0, 0) |	81.2026|	52.9347|	38.3196|	60.4916|	|	
1|	165239|	1|	43.3233|	0.0681722 (0, 2.95345, 0) |	59.3525|	53.505|	29.1418|	68.811|	|	
1|	165264|	1|	33.1596|	0.120791 (1.90185, 1.16646, 0.937081) |	68.6776|	33.9093|	112.51|	99.2788|	|	
1|	165373|	1|	24.3556|	0.0259352 (0, 0.631668, 0) |	93.348|	57.1517|	49.3713|	58.399|	|	
1|	165439|	1|	93.7794|	0 (0, 0, 0) |	44.1655|	40.9276|	40.5945|	65.9409|	|	
1|	165478|	1|	21.7324|	0.0853745 (0, 0.563975, 1.29142) |	87.8019|	46.9764|	56.739|	62.7674|	|	
1|	165587|	1|	84.2006|	0.020811 (0, 0.825909, 0.926387) |	131.136|	56.0568|	25.4241|	77.7805|	|	
1|	165666|	1|	71.0963|	0.0117307 (0, 0, 0.834008) |	53.133|	34.5905|	20.7507|	70.8837|	|	
1|	165667|	1|	50.9662|	0.0404257 (0.957624, 0.331695, 0.77103) |	67.6143|	53.5457|	61.3395|	92.3311|	|	
1|	1318954|	3|	38.0487|	0.0459854 (0.99497, 0, 0.754716) |	41.1926|	30.0425|	42.0084|	55.9007|	|	
1|	1318966|	3|	40.1849|	0.0573806 (0.796917, 0, 1.50892) |	65.5913|	56.8176|	34.4158|	71.0417|	|	
1|	1319007|	3|	29.2967|	0.119781 (0, 1.42275, 2.08644) |	77.75|	35.3274|	44.0279|	40.6971|	|	
1|	1319038|	3|	24.7471|	0.0932869 (0, 2.30858, 0) |	61.1426|	36.2016|	61.5744|	75.1956|	|	
1|	1319039|	3|	35.8914|	0.0368032 (0, 0.581666, 0.739251) |	132.222|	109.36|	28.3487|	44.1702|	|	
1|	1319086|	3|	37.4438|	0.0218956 (0, 0.819852, 0) |	49.8219|	31.4173|	55.9977|	76.489|	|	
1|	1319136|	3|	58.7194|	0.0881213 (2.70592, 2.46851, 0) |	48.9433|	39.2821|	42.3425|	84.3643|	|	
1|	1319165|	3|	78.3133|	0.0772197 (4.40331, 1.64403, 0) |	42.6657|	33.764|	35.3214|	102.43|	|	
1|	1319179|	3|	28.0261|	0.0131047 (0, 0.367273, 0) |	118.325|	105.299|	51.831|	73.4797|	|	
1|	1319335|	3|	23.3743|	0.0411139 (0.961009, 0, 0) |	98.1738|	92.2241|	95.099|	92.0514|	|	
1|	1319368|	3|	66.7185|	0 (0, 0, 0) |	52.8353|	32.0517|	47.0054|	94.5289|	|	
1|	1319501|	3|	21.7893|	0.0211144 (0, 0.460067, 0) |	57.3881|	44.2991|	92.868|	61.1628|	|	
1|	1319523|	3|	20.548|	0.0726935 (0.74901, 0.744694, 0) |	98.5148|	51.4813|	89.0814|	60.7386|	|	
1|	1071927|	3|	21.4823|	0.120868 (0, 1.2969, 1.29961) |	97.9169|	48.4458|	61.5949|	71.8242|	|	
1|	1072035|	3|	48.7039|	0.0638 (2.51038, 0.596934, 0) |	71.0318|	41.1609|	57.2041|	94.0957|	|	
1|	1072060|	3|	35.4103|	0 (0, 0, 0) |	54.5875|	43.4865|	30.0237|	64.9444|	|	
1|	1072137|	3|	45.5715|	0.0759479 (2.60256, 0.204607, 0.653896) |	88.4164|	54.2022|	39.7044|	82.2132|	|	
1|	1072216|	3|	42.2223|	0.139278 (3.84371, 2.03691, 0) |	83.337|	58.0596|	21.3796|	60.08|	|	
1|	1072292|	3|	35.2194|	0 (0, 0, 0) |	84.3657|	44.4953|	37.537|	64.0858|	|	
1|	1072352|	3|	51.5773|	0.0252992 (0, 0, 1.30487) |	51.2113|	45.8865|	77.9662|	76.9456|	|	
1|	1072367|	3|	70.0702|	0.0880958 (3.11954, 2.46954, 0.583819) |	55.6347|	48.2033|	15.074|	56.5363|	|	
1|	1072370|	3|	50.8001|	0.0213031 (0, 1.0822, 0) |	76.676|	34.2482|	44.8811|	74.6825|	|	
1|	1072433|	3|	37.6685|	0.0170627 (0, 0, 0.642728) |	98.9923|	38.7584|	93.1551|	58.0061|	|	
1|	1072477|	3|	77.5107|	0.00103228 (0, 0.0800129, 0) |	104.09|	90.1919|	34.9962|	78.0994|	|	
1|	1072482|	3|	85.5294|	0.00929745 (0.795205, 0, 0) |	55.0481|	39.766|	43.6947|	97.9612|	|	
1|	1072501|	3|	34.4459|	0.0146618 (0, 0.505038, 0) |	60.4343|	35.0031|	44.7664|	76.4726|	|	
1|	1072509|	3|	23.1182|	0 (0, 0, 0) |	73.5423|	51.9392|	53.7521|	48.1734|	|	
1|	1072529|	3|	58.2199|	0.0697347 (0, 3.50599, 0.553961) |	114.8|	44.7707|	36.0354|	42.872|	|	
1|	1072532|	3|	59.696|	0.053038 (0, 3.16616, 0) |	48.1654|	34.3477|	55.1688|	89.8097|	|	
1|	1072535|	3|	35.7591|	0 (0, 0, 0) |	147.627|	76.7273|	97.1777|	61.6676|	|	
1|	3099097|	7|	78.6884|	0 (0, 0, 0) |	43.9405|	35.7041|	39.7479|	84.3172|	|	
1|	3099116|	7|	25.2378|	0.0555187 (0, 1.40117, 0) |	128.36|	90.8104|	79.4305|	85.1474|	|	
1|	3099151|	7|	30.9035|	0.00922688 (0, 0.285143, 0) |	86.916|	77.6214|	55.1396|	64.4215|	|	
1|	3099163|	7|	35.2165|	0.0537969 (0, 0.903423, 0.991119) |	77.1443|	69.2477|	29.8601|	63.6133|	|	
1|	3099208|	7|	32.2034|	0 (0, 0, 0) |	109.538|	36.2479|	86.4468|	101.695|	|	
1|	3099275|	7|	125.47|	0.00747552 (0, 0.937952, 0) |	171.138|	62.4739|	15.4398|	50.3381|	|	
1|	3099313|	7|	35.3501|	0.0802331 (0.886353, 1.94989, 0) |	66.7873|	33.768|	82.3699|	107.032|	|	
1|	3099329|	7|	40.3119|	0 (0, 0, 0) |	67.8955|	51.4513|	51.1656|	57.3689|	|	
1|	3099365|	7|	54.7227|	0.0588244 (1.12097, 1.12063, 0.977427) |	49.1568|	33.7073|	60.3787|	102.34|	|	
1|	3099402|	7|	27.9304|	0.0300261 (0.83864, 0, 0) |	71.4328|	62.3321|	32.072|	54.0104|	|	
1|	3099406|	7|	31.7037|	0.0418138 (0, 1.32566, 0) |	80.635|	78.8488|	55.4821|	79.9362|	|	
1|	3099410|	7|	44.8451|	0.0555926 (0, 2.49305, 0) |	124.297|	110.913|	47.3783|	56.2146|	|	
1|	3099510|	7|	29.7492|	0.0545078 (0, 1.04231, 0.579256) |	99.0116|	31.2428|	87.5942|	88.2195|	|	
1|	3099565|	7|	44.3899|	0.0378969 (1.0761, 0.606137, 0) |	212.026|	128.7|	61.1105|	55.998|	|	
1|	3099616|	7|	40.0532|	0.0801321 (0, 2.30877, 0.900772) |	63.8906|	38.8708|	69.9256|	84.4762|	|	
1|	3406484|	7|	46.522|	0.101405 (0, 3.06235, 1.65522) |	84.8196|	55.3388|	60.3871|	57.5371|	|	
1|	3406507|	7|	52.1432|	0.0227326 (0.902423, 0.282929, 0) |	163.567|	83.6236|	67.4799|	77.723|	|	
1|	3406551|	7|	38.6899|	0 (0, 0, 0) |	47.3639|	32.9196|	52.596|	82.7455|	|	
1|	3406561|	7|	29.6353|	0.0683165 (0, 1.47154, 0.553045) |	64.6255|	43.0207|	54.886|	77.9856|	|	
1|	3406564|	7|	49.075|	0 (0, 0, 0) |	103.832|	80.1076|	22.144|	65.9231|	|	
1|	3406626|	7|	55.5118|	0.0093617 (0, 0.519684, 0) |	45.5401|	41.625|	40.9362|	92.8232|	|	
1|	3406672|	7|	40.6861|	0.0373019 (1.51767, 0, 0) |	126.744|	117.893|	32.8594|	72.1912|	|	
1|	3406706|	7|	30.3938|	0.0808986 (0.985533, 1.47329, 0) |	67.2685|	47.3397|	23.277|	45.6997|	|	
1|	3406714|	7|	33.3892|	0.0596133 (0, 0.543104, 1.44734) |	44.4207|	43.0313|	60.9591|	71.8188|	|	
1|	3406739|	7|	26.3007|	0.0296497 (0, 0.19085, 0.588958) |	41.6326|	35.4347|	48.5759|	71.3142|	|	
1|	3406753|	7|	21.2271|	0.0857065 (0, 1.8193, 0) |	155.43|	93.2397|	87.5116|	79.6477|	|	
1|	3406773|	7|	36.6701|	0.109456 (0.80672, 2.67188, 0.535166) |	70.594|	60.1322|	73.2493|	76.2838|	|	
1|	3406787|	7|	60.313|	0 (0, 0, 0) |	77.3393|	50.8069|	39.8018|	60.2484|	|	
1|	3406800|	7|	53.5209|	0 (0, 0, 0) |	49.4788|	32.5361|	19.1716|	63.9553|	|	
1|	3406858|	7|	37.5243|	0.0359182 (0, 1.34781, 0) |	123.481|	83.0253|	30.8292|	55.3755|	|	
1|	3406869|	7|	46.4399|	0.046389 (0, 1.4825, 0.671802) |	101.545|	93.9514|	57.2014|	89.9667|	|	
1|	3406882|	7|	86.3363|	0.0101 (0, 0.871995, 0) |	42.8413|	32.4371|	41.3099|	95.1297|	|	
1|	3406902|	7|	32.782|	0 (0, 0, 0) |	56.9988|	55.731|	43.1967|	54.8419|	|	
1|	3407002|	7|	52.7687|	0.0310027 (0.929578, 0.706392, 0) |	115.367|	104.132|	52.4029|	102.294|	|	
1|	3407005|	7|	50.4604|	0.0677818 (2.47614, 0.430391, 0.513766) |	86.9037|	52.8347|	51.9307|	89.0441|	|	
1|	3407054|	7|	58.3249|	0.0180071 (0, 0.149852, 0.900412) |	122.386|	71.8439|	69.2602|	79.8784|	|	
1|	3407079|	7|	60.9149|	0.0303062 (1.27271, 0, 0.573392) |	101.622|	74.0036|	33.549|	42.0441|	|	
1|	3447451|	7|	71.6225|	0.0596159 (0, 2.14277, 2.12707) |	77.9747|	55.0543|	56.5952|	74.9992|	|	
1|	3447493|	7|	71.1823|	0.00595596 (0, 0.423959, 0) |	95.4897|	41.456|	62.5998|	90.5861|	|	
1|	3447505|	7|	62.3948|	0.0206817 (0.623418, 0, 0.667012) |	47.6741|	45.2951|	42.318|	97.6789|	|	
1|	3447641|	7|	38.8445|	0.0646964 (0, 1.43024, 1.08285) |	74.9311|	60.6111|	45.6723|	61.2785|	|	
1|	3447646|	7|	45.9896|	0.0720035 (0, 3.31141, 0) |	156.047|	90.2134|	37.2841|	67.1551|	|	
1|	3447654|	7|	88.6744|	0.057625 (0.976886, 3.01659, 1.11639) |	69.6683|	39.3754|	30.783|	71.0324|	|	
1|	3447683|	7|	70.2425|	0.0428628 (0, 2.13938, 0.871416) |	53.6068|	32.1108|	48.2892|	78.8811|	|	
1|	3447713|	7|	41.9637|	0.0184972 (0.776209, 0, 0) |	69.1281|	65.0732|	47.5959|	65.0797|	|	
1|	3447728|	7|	70.5568|	0.0229872 (1.2182, 0.403706, 0) |	136.758|	43.7442|	74.2451|	57.3695|	|	
1|	3447783|	7|	23.8092|	0.135057 (0, 1.09483, 2.12075) |	45.4625|	44.6651|	93.2925|	81.1772|	|	
1|	3447924|	7|	20.9999|	0.0119399 (0, 0.250735, 0) |	51.6227|	33.2656|	71.7417|	68.6642|	|	
1|	3447945|	7|	51.2214|	0.0396375 (1.44697, 0, 0.583322) |	57.6774|	54.5445|	42.3479|	46.7142|	|	
1|	3447949|	7|	63.3695|	0 (0, 0, 0) |	77.4479|	61.4161|	24.4629|	66.8831|	|	
1|	3447955|	7|	28.6613|	0.0397635 (1.13967, 0, 0) |	97.1997|	42.8877|	83.435|	86.2238|	|	
1|	3447965|	7|	56.4648|	0.00818312 (0, 0.462058, 0) |	67.3988|	32.9644|	44.2377|	98.6766|	|	
1|	3447967|	7|	27.0165|	0.0227251 (0.613952, 0, 0) |	85.6359|	45.8856|	98.4012|	96.0487|	|	
1|	3448007|	7|	53.8666|	0.0182643 (0, 0.983834, 0) |	71.0114|	48.6474|	45.8078|	68.4932|	|	
1|	3075615|	7|	70.7145|	0.0181449 (0, 1.28311, 0) |	83.6691|	56.5225|	32.9729|	85.712|	|	
1|	3075688|	7|	32.4821|	0.05312 (1.37755, 0.347899, 0) |	110.002|	39.0759|	117.704|	68.0463|	|	
1|	3075710|	7|	43.8499|	0.0549469 (0, 1.78259, 0.62683) |	93.9516|	34.1224|	57.3331|	62.6158|	|	
1|	3075865|	7|	49.3187|	0.01927 (0, 0.950372, 0) |	51.0716|	38.8361|	18.8574|	46.4795|	|	
1|	3075869|	7|	53.9149|	0.0687889 (0.91441, 2.79434, 0) |	82.1483|	50.409|	11.3938|	44.9135|	|	
1|	3075883|	7|	77.5499|	0.0222392 (0, 0.226391, 1.49826) |	81.1128|	44.244|	15.8828|	46.3473|	|	
1|	3075921|	7|	58.9116|	0.0366461 (1.7985, 0.360375, 0) |	55.0859|	32.7229|	48.0289|	106.234|	|	
1|	3076011|	7|	53.9673|	0.11838 (1.52188, 4.86678, 0) |	54.5069|	47.7382|	64.845|	118.27|	|	
1|	3076030|	7|	43.9431|	0.0350883 (0, 1.54189, 0) |	72.3193|	35.9095|	51.3409|	86.879|	|	
1|	3076055|	7|	59.067|	0.0748493 (0.684123, 1.48868, 2.24832) |	127.056|	125.6|	45.8924|	84.8768|	|	
1|	3076064|	7|	35.405|	0.0505949 (0, 1.79131, 0) |	133.356|	97.3734|	49.2518|	82.0959|	|	
1|	3076167|	7|	48.2837|	0.0433679 (1.49043, 0.603528, 0) |	65.3654|	60.4758|	42.7914|	87.3646|	|	
1|	3076238|	7|	72.1928|	0.0678331 (1.35114, 3.54592, 0) |	82.386|	68.434|	18.5399|	69.2754|	|	
1|	3349958|	7|	53.4974|	0 (0, 0, 0) |	36.764|	36.4914|	45.7702|	57.1179|	|	
1|	3350031|	7|	68.6483|	0.0587414 (2.40597, 0.738006, 0.88852) |	51.2806|	40.8924|	52.4753|	118.882|	|	
1|	3350214|	7|	77.6724|	0.0271205 (0, 2.10652, 0) |	91.1404|	71.5247|	38.9755|	107.234|	|	
1|	3350243|	7|	57.7134|	0.0449762 (0, 2.59573, 0) |	68.2654|	43.5458|	37.4947|	45.9251|	|	
1|	3350279|	7|	27.9549|	0.0858379 (1.67315, 0, 0.726439) |	113.49|	59.3952|	87.8526|	78.333|	|	
1|	3350282|	7|	26.2791|	0 (0, 0, 0) |	86.7519|	83.7285|	57.5251|	68.1531|	|	
1|	3350337|	7|	35.561|	0.0449268 (0.916195, 0.68145, 0) |	38.1783|	33.3678|	30.6087|	65.4371|	|	
1|	3350376|	7|	54.6623|	0.0312082 (0, 1.70591, 0) |	105.025|	100.845|	39.7085|	91.0594|	|	
1|	3350377|	7|	50.0639|	0.0111997 (0, 0, 0.560701) |	55.8106|	53.7924|	33.3406|	76.6846|	|	
1|	3350403|	7|	43.5065|	0.0192565 (0, 0.837781, 0) |	67.456|	39.1605|	20.8102|	58.2963|	|	
1|	3350410|	7|	53.4145|	0 (0, 0, 0) |	118.715|	88.794|	52.3953|	80.6499|	|	
1|	3350537|	7|	37.1236|	0.0200854 (0, 0.745643, 0) |	80.6522|	51.9772|	21.4605|	56.2943|	|	
1|	834231|	2|	54.5467|	0.0430738 (0, 0.7092, 1.64034) |	94.0011|	50.9929|	72.7664|	47.729|	|	
1|	834287|	2|	36.2025|	0.052691 (0, 1.90755, 0) |	35.5343|	32.87|	43.1027|	76.6644|	|	
1|	834315|	2|	28.151|	0 (0, 0, 0) |	79.155|	50.8127|	60.1141|	82.2744|	|	
1|	834341|	2|	36.4722|	0.0383163 (0.654845, 0, 0.742636) |	97.7993|	48.3128|	50.2708|	74.9859|	|	
1|	834362|	2|	70.2794|	0.0149572 (0, 1.05118, 0) |	154.439|	104.68|	33.8292|	82.0237|	|	
1|	834370|	2|	68.3141|	0.0765625 (3.97361, 1.25668, 0) |	88.2615|	52.5805|	12.7805|	59.04|	|	
1|	834560|	2|	44.9763|	0.0639337 (2.20033, 0.675174, 0) |	69.1215|	40.842|	16.8232|	52.1798|	|	
1|	834706|	2|	47.0782|	0.080323 (0.803909, 1.27698, 1.70057) |	129.652|	77.0252|	42.2144|	52.1362|	|	
1|	834746|	2|	55.9163|	0.0778905 (0.634044, 3.16336, 0.557947) |	83.3563|	66.3824|	37.375|	90.8116|	|	
1|	834755|	2|	25.9388|	0.0472667 (0, 1.22604, 0) |	43.4845|	38.9646|	63.3401|	42.7591|	|	
1|	834784|	2|	44.6832|	0.0563083 (0, 2.51603, 0) |	71.6183|	56.6418|	53.6682|	77.4424|	|	
1|	916710|	2|	26.7354|	0 (0, 0, 0) |	185.457|	58.2622|	133.257|	63.0831|	|	
1|	916723|	2|	51.2602|	0.0233805 (1.19849, 0, 0) |	128.048|	96.3436|	39.4136|	67.7019|	|	
1|	916775|	2|	51.2264|	0.0523788 (2.68318, 0, 0) |	83.0547|	59.1572|	16.2842|	55.6553|	|	
1|	916840|	2|	85.8617|	0.0571103 (1.05978, 2.29258, 1.55123) |	93.3614|	66.9571|	67.7232|	93.2312|	|	
1|	916930|	2|	62.7945|	0 (0, 0, 0) |	60.191|	59.3333|	35.7923|	88.0688|	|	
1|	916956|	2|	55.4378|	0 (0, 0, 0) |	116.31|	90.6844|	32.7413|	84.1264|	|	
1|	917022|	2|	34.8547|	0 (0, 0, 0) |	70.3185|	48.3409|	50.2274|	67.355|	|	
1|	917036|	2|	54.6072|	0.0153214 (0, 0.836659, 0) |	60.0364|	35.3962|	24.6129|	71.8112|	|	
1|	917122|	2|	35.5227|	0 (0, 0, 0) |	91.781|	32.3607|	106.207|	68.8898|	|	
1|	917196|	2|	36.7573|	0.0726164 (0, 1.30389, 1.3653) |	97.0723|	88.4645|	33.2506|	67.6197|	|	
1|	917203|	2|	102.158|	0.0558733 (0, 2.11621, 3.5917) |	102.149|	64.6674|	32.3308|	114.663|	|	
1|	917261|	2|	39.4848|	0.129561 (3.09927, 0.479348, 1.53708) |	37.2631|	32.8521|	51.6168|	59.9572|	|	
1|	917301|	2|	50.7826|	0.00664158 (0, 0.337277, 0) |	92.8061|	30.7086|	62.2328|	75.037|	|	
1|	917327|	2|	52.5915|	0.0189902 (0, 0.998721, 0) |	36.4188|	30.3739|	49.9329|	79.6221|	|	
1|	2437992|	5|	51.6073|	0.0219576 (1.13317, 0, 0) |	85.7525|	42.63|	75.6081|	75.7066|	|	
1|	2438181|	5|	97.0256|	0.017408 (1.12416, 0, 0.564858) |	90.4397|	38.94|	18.1257|	46.8268|	|	
1|	2438280|	5|	23.1825|	0.141429 (0, 1.65965, 1.61902) |	112.608|	88.809|	86.013|	89.2933|	|	
1|	2438390|	5|	53.9|	0 (0, 0, 0) |	63.8676|	51.1929|	50.246|	69.7549|	|	
1|	2438414|	5|	66.1821|	0.0150762 (0, 0.997774, 0) |	39.6339|	31.2813|	36.8049|	67.7152|	|	
1|	2438465|	5|	52.3551|	0.0611182 (1.00128, 0.344096, 1.85447) |	55.7298|	31.2188|	31.71|	77.5737|	|	
1|	2438489|	5|	61.9712|	0.0727852 (0.967379, 0.85263, 2.69058) |	73.527|	70.1862|	30.3331|	75.0182|	|	
1|	2438516|	5|	34.263|	0.0355762 (0, 0.671604, 0.547344) |	119.999|	72.9139|	52.4528|	84.1371|	|	
1|	2438590|	5|	45.943|	0.0605062 (1.13388, 0.829373, 0.816579) |	74.8946|	30.233|	72.1739|	92.2062|	|	
1|	2150026|	5|	32.5037|	0.0382288 (0, 0.675035, 0.567544) |	53.2166|	41.4676|	61.5705|	80.6604|	|	
1|	2150046|	5|	25.9696|	0.0793253 (0.927466, 1.13258, 0) |	52.6501|	43.8984|	63.581|	65.0744|	|	
1|	2150063|	5|	34.0091|	0 (0, 0, 0) |	46.2622|	45.0188|	46.6967|	76.7563|	|	
1|	2150125|	5|	29.4209|	0.123664 (0, 2.05942, 1.57889) |	40.8518|	30.5374|	53.3285|	79.154|	|	
1|	2150241|	5|	33.0041|	0 (0, 0, 0) |	79.5614|	54.1478|	46.2386|	59.6177|	|	
1|	2150290|	5|	40.0045|	0.0249666 (0, 0.998776, 0) |	92.0115|	52.2541|	46.1459|	62.6912|	|	
1|	2150303|	5|	27.8854|	0 (0, 0, 0) |	109.379|	93.919|	56.1027|	79.0947|	|	
1|	2150339|	5|	29.085|	0.00895373 (0, 0.260419, 0) |	50.0255|	41.3277|	44.0882|	71.0597|	|	
1|	2150383|	5|	70.7116|	0.0335942 (1.01923, 1.35627, 0) |	39.9607|	39.374|	20.9196|	75.8501|	|	
1|	2150419|	5|	55.5542|	0.00615927 (0, 0.342174, 0) |	57.1672|	46.6224|	35.9551|	87.896|	|	
1|	2150478|	5|	73.1132|	0.0175975 (1.28661, 0, 0) |	83.3058|	67.0527|	43.5169|	101.434|	|	
1|	2150536|	5|	48.9377|	0.0163761 (0, 0, 0.801411) |	66.6871|	51.2545|	37.3304|	73.3786|	|	
1|	2244279|	5|	53.1431|	0.0152664 (0, 0.811303, 0) |	97.0586|	72.7617|	16.1909|	58.5509|	|	
1|	2244330|	5|	23.9783|	0.0468697 (0, 1.12386, 0) |	75.6762|	68.7197|	87.5427|	85.9785|	|	
1|	2244333|	5|	31.1796|	0.0528476 (0, 0.802525, 0.845243) |	76.3873|	54.7814|	34.6356|	58.8784|	|	
1|	2244351|	5|	52.9575|	0.0185574 (0, 0.982753, 0) |	39.2384|	35.2465|	47.2543|	97.218|	|	
1|	2244405|	5|	61.2916|	0.0392929 (0, 1.22183, 1.1865) |	44.9656|	31.5257|	39.994|	78.7911|	|	
1|	2244423|	5|	33.2136|	0.0217319 (0, 0.203993, 0.517803) |	127.56|	39.1714|	126.82|	76.8207|	|	
1|	2244428|	5|	44.8764|	0.0170866 (0.766788, 0, 0) |	67.4279|	38.4673|	28.8717|	65.5069|	|	
1|	2244455|	5|	55.2836|	0.00436969 (0, 0.241572, 0) |	55.5159|	32.084|	14.9938|	40.8621|	|	
1|	2244562|	5|	28.4476|	0.0174277 (0, 0.495775, 0) |	101.753|	59.4711|	46.2763|	67.8703|	|	
1|	2244598|	5|	24.2086|	0.0867199 (0, 1.57659, 0.522779) |	56.4282|	41.4439|	84.596|	82.4571|	|	
1|	2244627|	5|	23.5881|	0.0427705 (1.00888, 0, 0) |	73.7815|	69.3399|	62.3409|	45.3682|	|	
1|	2244712|	5|	28.3523|	0.0697414 (0, 1.97733, 0) |	47.5755|	44.3666|	38.0699|	63.3063|	|	
1|	2244804|	5|	84.8202|	0.0236708 (0, 0, 2.00776) |	117.456|	50.1364|	83.8594|	74.3406|	|	
1|	2244810|	5|	41.6458|	0 (0, 0, 0) |	92.6755|	51.3977|	42.2454|	78.3967|	|	
1|	2244820|	5|	58.2393|	0.0113142 (0.658934, 0, 0) |	78.0972|	37.7023|	32.8807|	78.5979|	|	
1|	2244867|	5|	42.0723|	0.0111126 (0, 0.467533, 0) |	58.6405|	50.8513|	55.831|	72.9979|	|	
1|	2244887|	5|	25.5001|	0.0609646 (0, 0.787097, 0.767505) |	61.3078|	44.8352|	29.4874|	53.0446|	|	
1|	2450384|	5|	59.5257|	0.0747112 (0, 2.10983, 2.3374) |	68.4362|	55.905|	63.054|	86.6538|	|	
1|	2450415|	5|	28.5262|	0.0781765 (0, 1.27369, 0.95639) |	79.6016|	61.6518|	66.8071|	87.0834|	|	
1|	2450497|	5|	40.0445|	0.140657 (3.62889, 2.00366, 0) |	114.701|	60.6313|	81.0954|	44.8544|	|	
1|	2450530|	5|	40.066|	0.018202 (0, 0.729282, 0) |	62.9811|	32.3456|	55.5351|	69.2152|	|	
1|	2450545|	5|	26.7266|	0.0133169 (0, 0.355916, 0) |	61.1036|	58.6435|	57.3349|	41.647|	|	
1|	2450603|	5|	31.2364|	0.137306 (0, 4.28894, 0) |	63.5146|	48.7542|	56.747|	80.914|	|	
1|	2450607|	5|	36.6774|	0 (0, 0, 0) |	62.8028|	41.3244|	55.0651|	75.2955|	|	
1|	2450640|	5|	27.2894|	0.0256705 (0, 0, 0.700535) |	57.7639|	46.9833|	80.3262|	47.8783|	|	
1|	2450703|	5|	38.3617|	0 (0, 0, 0) |	53.285|	33.5621|	14.3462|	40.8242|	|	
1|	2450717|	5|	64.6213|	0.0531901 (3.43721, 0, 0) |	69.1704|	31.4641|	36.2578|	73.5665|	|	
1|	2450818|	5|	30.2801|	0.0724592 (0.846498, 0.642445, 0.705127) |	81.0621|	79.9018|	58.7671|	72.7725|	|	
1|	2450820|	5|	22.1965|	0.0292086 (0, 0.648327, 0) |	69.5752|	66.1723|	66.5001|	74.8155|	|	
1|	2450835|	5|	44.3102|	0.0533888 (0, 2.36567, 0) |	115.969|	89.8567|	42.9293|	77.2017|	|	
1|	2450872|	5|	30.5915|	0.108791 (2.65327, 0, 0.674805) |	36.9382|	30.7861|	72.4127|	70.956|	|	
1|	2450873|	5|	29.2914|	0 (0, 0, 0) |	66.9473|	46.168|	55.4037|	64.5278|	|	
1|	2469825|	5|	57.135|	0 (0, 0, 0) |	89.1078|	41.6533|	53.9133|	67.3556|	|	
1|	2469838|	5|	23.5686|	0 (0, 0, 0) |	283.222|	98.0617|	161.167|	45.5864|	|	
1|	2469847|	5|	42.5855|	0.0512963 (0.671462, 0.0820457, 1.43097) |	65.0972|	39.5877|	58.1407|	96.0168|	|	
1|	2469881|	5|	34.3749|	0.0191973 (0, 0.659904, 0) |	161.215|	140.909|	44.4112|	77.2544|	|	
1|	2469887|	5|	35.8696|	0.0401979 (0, 0, 1.44188) |	56.3204|	46.7729|	34.5919|	63.6327|	|	
1|	2469979|	5|	49.6083|	0.0531873 (1.35149, 1.28704, 0) |	37.6758|	35.417|	34.3382|	79.6902|	|	
1|	2470008|	5|	42.4147|	0.020782 (0, 0.881462, 0) |	54.1296|	51.3413|	57.9046|	82.3095|	|	
1|	2470078|	5|	106.432|	0.0219026 (0, 0, 2.33113) |	118.966|	35.3067|	28.4234|	56.721|	|	
1|	2470207|	5|	34.3586|	0.128264 (0, 1.05334, 3.35363) |	70.5196|	33.7382|	42.4591|	57.0875|	|	
1|	2470315|	5|	34.6491|	0.126834 (0.748578, 3.64609, 0) |	83.6818|	53.2817|	61.6976|	82.1844|	|	
1|	2470386|	5|	27.482|	0.0189843 (0, 0.521726, 0) |	91.7715|	91.191|	68.0678|	83.6698|	|	
1|	2482156|	5|	38.9077|	0.0644578 (0, 1.80343, 0.704476) |	101.839|	80.1968|	40.5165|	45.3847|	|	
1|	2482248|	5|	27.633|	0.0251358 (0, 0.694577, 0) |	82.6643|	41.0737|	110.077|	81.5547|	|	
1|	2482270|	5|	58.5338|	0.0208877 (0, 1.22264, 0) |	58.1883|	56.2004|	39.2068|	65.3053|	|	
1|	2482303|	5|	61.4219|	0.00900581 (0, 0, 0.553153) |	41.0835|	34.6725|	42.4072|	63.1697|	|	
1|	2482313|	5|	24.9238|	0.119731 (0, 2.38407, 0.600087) |	47.5871|	30.063|	44.3143|	49.6874|	|	
1|	2482344|	5|	55.5735|	0.0312468 (0, 1.73649, 0) |	107.19|	96.8839|	54.2172|	88.9528|	|	
1|	2482466|	5|	30.7492|	0.0473919 (0, 1.45726, 0) |	138.647|	90.0242|	40.0599|	69.1003|	|	
1|	2482503|	5|	25.7422|	0.0970605 (0.836192, 1.66236, 0) |	61.7794|	48.7821|	25.6157|	50.8071|	|	
1|	2482509|	5|	88.6605|	0.0240974 (1.91836, 0.218129, 0) |	38.9395|	34.8391|	40.1771|	105.229|	|	
1|	2482524|	5|	43.3913|	0.0163655 (0, 0.71012, 0) |	173.91|	73.3224|	120.24|	78.5399|	|	
1|	2482533|	5|	40.4548|	0 (0, 0, 0) |	60.7286|	51.4234|	29.7127|	65.2553|	|	
1|	2482590|	5|	21.5129|	0.0578488 (0, 1.2445, 0) |	81.5542|	42.2793|	97.2619|	78.5742|	|	
1|	2482604|	5|	129.417|	0.0250719 (0, 3.24472, 0) |	176.317|	32.0907|	54.6125|	70.7805|	|	
1|	2482645|	5|	31.8455|	0.11246 (0.933505, 0.26504, 2.38279) |	206.605|	43.6782|	157.537|	69.0643|	|	
1|	2482652|	5|	108.294|	0.00568503 (0, 0.615654, 0) |	136.518|	59.2214|	51.4618|	85.2735|	|	
1|	2482692|	5|	56.8684|	0.00985072 (0, 0.560194, 0) |	128.985|	32.9082|	85.1841|	76.4491|	|	
1|	2482738|	5|	75.0351|	0.0196338 (0, 1.47322, 0) |	78.277|	55.7906|	53.1616|	75.6659|	|	
1|	2482746|	5|	45.5984|	0 (0, 0, 0) |	141.505|	104.458|	49.7623|	74.947|	|	
1|	2482775|	5|	63.5181|	0 (0, 0, 0) |	86.2535|	82.1934|	37.1029|	83.1247|	|	
1|	2482782|	5|	52.0831|	0.068718 (0, 1.59844, 1.9806) |	53.6479|	45.23|	26.7269|	73.4194|	|	
1|	2078582|	5|	31.4464|	0.0570537 (0, 1.79413, 0) |	112.104|	95.7013|	13.6049|	41.3462|	|	
1|	2078604|	5|	62.7107|	0.051489 (0.912945, 2.31597, 0) |	50.478|	31.5245|	43.7559|	99.4158|	|	
1|	2078609|	5|	28.8375|	0 (0, 0, 0) |	140.726|	95.3129|	70.7384|	46.7915|	|	
1|	2078614|	5|	40.7201|	0.0852652 (1.53435, 1.93766, 0) |	66.0566|	52.8872|	26.1423|	64.6841|	|	
1|	2078801|	5|	31.4174|	0.0599421 (0, 0.564112, 1.31911) |	137.915|	77.1868|	86.7501|	58.7938|	|	
1|	2078804|	5|	76.752|	0 (0, 0, 0) |	36.2449|	31.03|	27.4831|	87.3599|	|	
1|	2078907|	5|	83.4618|	0.00846335 (0, 0.706367, 0) |	61.1272|	32.9619|	32.1659|	96.0113|	|	
1|	2078914|	5|	72.6609|	0.00806535 (0, 0.586035, 0) |	173.744|	126.322|	36.6574|	85.1911|	|	
1|	2078953|	5|	28.4082|	0.0657899 (0, 1.86897, 0) |	87.7731|	51.6519|	97.4568|	82.9605|	|	
1|	2078961|	5|	44.1749|	0.132373 (1.67506, 1.59985, 2.57267) |	77.7956|	50.8458|	70.3951|	97.593|	|	
1|	2078965|	5|	45.2241|	0 (0, 0, 0) |	80.3335|	77.8316|	63.3757|	96.0382|	|	
1|	2079039|	5|	68.7847|	0.0339051 (0, 1.74578, 0.586375) |	149.713|	46.8258|	101.847|	81.0255|	|	
1|	2079087|	5|	40.5693|	0.0757962 (0, 2.54157, 0.53343) |	52.6997|	38.5454|	36.7329|	73.737|	|	
1|	2079099|	5|	26.261|	0 (0, 0, 0) |	78.8022|	75.6832|	30.8384|	56.5038|	|	
1|	2079111|	5|	43.9189|	0.0370376 (0, 0.255452, 1.3712) |	71.801|	50.6711|	45.882|	86.2913|	|	
1|	2533503|	6|	49.8797|	0.0662523 (0, 1.97799, 1.32665) |	83.0252|	52.9502|	35.453|	82.9057|	|	
1|	2533525|	6|	33.611|	0.0506148 (1.70121, 0, 0) |	145.286|	109.126|	43.7583|	76.3276|	|	
1|	2533604|	6|	23.0894|	0.0768342 (0.759811, 0.30476, 0.709487) |	97.4078|	63.5184|	39.6925|	60.5443|	|	
1|	2533608|	6|	39.9463|	0.0472077 (0, 1.88577, 0) |	40.9015|	32.8794|	60.7627|	82.8588|	|	
1|	2533778|	6|	78.2252|	0.0138295 (0.802134, 0.279684, 0) |	43.3481|	42.837|	62.456|	54.2779|	|	
1|	2533785|	6|	38.0741|	0.0155838 (0, 0.59334, 0) |	84.8644|	51.217|	56.8162|	76.5764|	|	
1|	2533827|	6|	27.9055|	0.113153 (0, 3.1576, 0) |	43.5679|	31.0004|	48.2066|	72.7053|	|	
1|	2533834|	6|	46.889|	0.0129159 (0, 0.605613, 0) |	63.065|	42.1139|	16.2437|	55.1509|	|	
1|	2533873|	6|	53.5794|	0.0370045 (0.648194, 1.33448, 0) |	65.0807|	30.3487|	47.3082|	73.8711|	|	
1|	2533891|	6|	26.6647|	0 (0, 0, 0) |	42.622|	32.5697|	42.1153|	57.1438|	|	
1|	2533900|	6|	38.597|	0.0611361 (0, 0, 2.35967) |	266.305|	105.234|	140.644|	54.8979|	|	
1|	2533927|	6|	38.1492|	0.0580536 (0.691891, 1.52281, 0) |	122.701|	75.0665|	59.7669|	80.6357|	|	
1|	2533974|	6|	53.1331|	0.0216795 (1.1519, 0, 0) |	111.777|	68.9261|	54.7257|	96.5627|	|	
1|	2766212|	6|	21.4031|	0.0912142 (0, 1.95227, 0) |	49.9333|	38.6819|	73.2928|	57.1033|	|	
1|	2766238|	6|	28.2342|	0.0827783 (0, 2.33718, 0) |	86.8791|	74.652|	47.8589|	69.5236|	|	
1|	2766245|	6|	31.1556|	0.00575384 (0, 0.179265, 0) |	70.2077|	40.5595|	58.8461|	74.9679|	|	
1|	2766262|	6|	21.2457|	0.0750217 (0.835418, 0.758474, 0) |	60.7192|	40.032|	71.1944|	64.8626|	|	
1|	2766279|	6|	39.5|	0.0879112 (0, 0.775994, 2.6965) |	91.018|	67.817|	42.0654|	76.9876|	|	
1|	2766286|	6|	23.5039|	0.100585 (0.79476, 1.56938, 0) |	63.4408|	40.7796|	67.6086|	55.6477|	|	
1|	2766295|	6|	45.4876|	0.0391813 (0, 1.78226, 0) |	80.4125|	75.3149|	48.3091|	81.3511|	|	
1|	2766306|	6|	86.0763|	0.00496216 (0, 0.427124, 0) |	57.7429|	38.7346|	42.5537|	101.531|	|	
1|	2766467|	6|	66.508|	0.0183728 (0, 0.59413, 0.627807) |	63.461|	40.0623|	37.3892|	89.1176|	|	
1|	2766486|	6|	30.8558|	0.0257679 (0, 0.795088, 0) |	40.3551|	30.2616|	68.9772|	72.8912|	|	
1|	2766529|	6|	58.1785|	0.00981943 (0.571279, 0, 0) |	43.8609|	35.1698|	41.9775|	74.5458|	|	
1|	2766564|	6|	97.9688|	0.00826125 (0, 0, 0.809345) |	58.8597|	53.3442|	12.7855|	65.7415|	|	
1|	2766664|	6|	25.7118|	0.0591363 (1.0248, 0.495703, 0) |	95.5532|	83.0222|	39.4669|	54.9427|	|	
1|	2766700|	6|	22.1804|	0 (0, 0, 0) |	56.1549|	49.4001|	86.526|	77.7765|	|	
1|	2766713|	6|	38.721|	0.0401655 (0.763595, 0.791655, 0) |	75.3524|	40.5354|	41.538|	66.6273|	|	
1|	2766755|	6|	41.2144|	0.0146302 (0.602974, 0, 0) |	74.4903|	34.2984|	28.4709|	57.5222|	|	
1|	2766793|	6|	26.9793|	0.0562087 (0.851353, 0.665119, 0) |	113.444|	50.3807|	98.9329|	76.0433|	|	
1|	2614135|	6|	72.3198|	0.0470988 (0, 1.60724, 1.79893) |	64.2108|	39.0986|	44.807|	87.5635|	|	
1|	2614152|	6|	39.1366|	0.0948684 (1.9554, 1.2466, 0.510828) |	67.8092|	39.6345|	57.5119|	71.3125|	|	
1|	2614155|	6|	35.6203|	0.0244984 (0, 0.872639, 0) |	58.2527|	33.7077|	57.8093|	73.3908|	|	
1|	2614157|	6|	30.9108|	0.0252056 (0, 0.779124, 0) |	130.966|	111.887|	29.7053|	60.6002|	|	
1|	2614228|	6|	28.7981|	0.0283273 (0, 0.815771, 0) |	46.3194|	41.0508|	37.625|	49.626|	|	
1|	2614268|	6|	24.8444|	0 (0, 0, 0) |	58.7525|	45.312|	47.9335|	68.8457|	|	
1|	2614378|	6|	42.9689|	0.0875038 (0, 2.38382, 1.37612) |	79.1118|	70.1778|	42.1455|	44.6274|	|	
1|	2614400|	6|	56.6841|	0 (0, 0, 0) |	64.4586|	49.2458|	70.162|	77.0795|	|	
1|	2614439|	6|	22.8765|	0.0105507 (0, 0.241363, 0) |	102.528|	36.3107|	105.871|	95.6223|	|	
1|	2614478|	6|	54.5805|	0.0680862 (0, 1.10342, 2.61276) |	104.819|	31.6242|	51.9946|	70.4128|	|	
1|	2614545|	6|	39.5118|	0.00625586 (0, 0.24718, 0) |	44.2477|	41.6957|	24.9937|	62.6352|	|	
1|	2614624|	6|	25.0757|	0 (0, 0, 0) |	56.5081|	35.9838|	39.4218|	56.295|	|	
1|	2614685|	6|	58.0623|	0 (0, 0, 0) |	73.7522|	60.332|	15.9858|	60.4562|	|	
1|	2614732|	6|	71.7245|	0.0133281 (0, 0.955951, 0) |	93.4898|	56.9294|	51.7926|	121.85|	|	
1|	2687557|	6|	23.7338|	0.0617184 (0, 1.46481, 0) |	90.3126|	56.6934|	37.9186|	55.4448|	|	
1|	2687581|	6|	58.2633|	0 (0, 0, 0) |	93.9656|	38.0248|	74.0048|	51.6987|	|	
1|	2687593|	6|	41.3962|	0.0382128 (0, 1.58187, 0) |	52.2655|	43.8135|	41.3433|	67.584|	|	
1|	2687608|	6|	28.3712|	0.0322755 (0.686574, 0.22912, 0) |	93.6849|	61.5713|	72.0552|	90.2422|	|	
1|	2687648|	6|	65.524|	0.0441052 (0.895294, 1.99466, 0) |	72.2035|	50.4418|	39.0434|	44.5598|	|	
1|	2687778|	6|	23.5911|	0.0494611 (0, 0.180153, 0.986687) |	67.3458|	43.1396|	39.3286|	60.9184|	|	
1|	2687793|	6|	33.9376|	0.0125747 (0, 0.426756, 0) |	45.2482|	34.0453|	57.9568|	85.2106|	|	
1|	2687823|	6|	41.984|	0.0467708 (1.31547, 0.648157, 0) |	112.905|	89.201|	37.6192|	72.6638|	|	
1|	2687831|	6|	26.9081|	0.0364847 (0.771144, 0.21059, 0) |	86.8142|	70.0155|	61.2092|	79.4449|	|	
1|	2687849|	6|	49.2545|	0.0910154 (0.699989, 3.78293, 0) |	65.0232|	43.4276|	35.9607|	84.1583|	|	
1|	2687884|	6|	26.8991|	0.136843 (0.845901, 1.88665, 0.948402) |	53.9819|	34.0752|	77.9754|	89.637|	|	
1|	2687897|	6|	40.1502|	0.0312542 (0, 1.25486, 0) |	97.0769|	82.0988|	47.4485|	87.0662|	|	
1|	2687925|	6|	28.8462|	0.0468522 (0, 0.560776, 0.790733) |	327.583|	225.137|	105.217|	77.1448|	|	
1|	2688001|	6|	36.3894|	0.0297897 (0, 0.123779, 0.960252) |	47.2373|	40.1246|	79.618|	83.1796|	|	
1|	2688136|	6|	44.1321|	0.0541046 (1.60738, 0.780366, 0) |	50.6308|	49.8392|	86.0392|	84.25|	|	
1|	2688170|	6|	51.9619|	0.002558 (0, 0.132918, 0) |	170.972|	103.289|	40.1326|	56.6186|	|	
1|	3868187|	8|	51.3307|	0.00513984 (0, 0.263831, 0) |	58.2987|	39.1581|	55.218|	69.7725|	|	
1|	3868197|	8|	26.0921|	0 (0, 0, 0) |	80.0711|	59.1204|	32.7094|	44.512|	|	
1|	3868218|	8|	67.7895|	0.00629283 (0, 0.426588, 0) |	66.2985|	41.8091|	36.2443|	92.513|	|	
1|	3868223|	8|	23.4768|	0.0755269 (0, 0.517042, 1.25609) |	104.404|	44.7386|	107.186|	89.5328|	|	
1|	3868388|	8|	79.8856|	0.0131879 (0, 1.05353, 0) |	158.787|	52.6447|	18.8088|	55.9667|	|	
1|	3868419|	8|	27.6295|	0.108512 (2.99814, 0, 0) |	241.698|	159.767|	116.148|	95.8451|	|	
1|	3868426|	8|	38.5476|	0.0512046 (0, 1.97381, 0) |	109.796|	54.8737|	66.1714|	66.6331|	|	
1|	3868434|	8|	59.8322|	0.0341967 (0, 0.604028, 1.44203) |	61.2797|	50.8862|	32.1998|	78.8299|	|	
1|	3868566|	8|	46.9157|	0.12206 (0, 4.25071, 1.4758) |	48.2101|	42.2384|	42.0723|	88.2979|	|	
1|	3868600|	8|	49.8788|	0.00266966 (0, 0.133159, 0) |	93.7271|	79.9994|	15.7218|	53.4519|	|	
1|	3868686|	8|	29.3246|	0.0242584 (0, 0, 0.711366) |	51.4404|	42.8651|	63.7043|	45.3325|	|	
1|	3868688|	8|	88.6742|	0 (0, 0, 0) |	210.421|	31.7295|	144.701|	58.3125|	|	
1|	3868700|	8|	64.2178|	0.0207329 (0, 1.33142, 0) |	68.537|	33.6228|	24.7583|	64.8621|	|	
1|	3868723|	8|	33.1974|	0 (0, 0, 0) |	59.8742|	48.3279|	29.3432|	61.4122|	|	
1|	3868727|	8|	103.812|	0.00821483 (0, 0.852802, 0) |	51.8041|	31.4301|	18.2574|	77.0619|	|	
1|	3868736|	8|	35.7837|	0.024472 (0, 0.8757, 0) |	52.2633|	47.7357|	30.5236|	43.4826|	|	
1|	3868765|	8|	81.467|	0.00790082 (0, 0, 0.643656) |	60.8719|	51.9926|	17.4369|	75.1131|	|	
1|	3868783|	8|	78.0557|	0.0244539 (0, 1.90877, 0) |	105.452|	33.9851|	22.5051|	72.527|	|	
1|	3868786|	8|	47.1803|	0 (0, 0, 0) |	93.1989|	90.9522|	34.0993|	80.1873|	|	
1|	3816239|	8|	64.6957|	0.0308161 (0, 1.24203, 0.75164) |	56.927|	39.6171|	37.8429|	95.253|	|	
1|	3816240|	8|	86.1431|	0.00627173 (0, 0.540266, 0) |	125.662|	92.6571|	24.0473|	67.0546|	|	
1|	3816257|	8|	81.2871|	0.00207538 (0, 0.168702, 0) |	73.2497|	30.6763|	26.9636|	77.8584|	|	
1|	3816262|	8|	36.2426|	0 (0, 0, 0) |	59.4346|	42.6132|	30.5414|	47.8263|	|	
1|	3816276|	8|	52.2042|	0 (0, 0, 0) |	93.7219|	52.3244|	22.1332|	58.1843|	|	
1|	3816312|	8|	51.6331|	0 (0, 0, 0) |	81.2165|	52.6157|	38.6781|	82.0297|	|	
1|	3816373|	8|	30.4424|	0.0325021 (0, 0.989441, 0) |	46.0571|	34.6255|	38.7503|	60.8026|	|	
1|	3816403|	8|	27.2717|	0.126534 (0.946607, 1.86057, 0.643621) |	79.2556|	75.265|	63.8004|	82.9302|	|	
1|	3816411|	8|	40.9345|	0.0722265 (0, 2.95656, 0) |	67.986|	61.3912|	39.1501|	78.8562|	|	
1|	3816414|	8|	29.1371|	0.013336 (0, 0.388572, 0) |	62.8526|	49.6613|	68.0019|	71.4815|	|	
1|	3816464|	8|	89.2962|	0.0319688 (0.87607, 1.97862, 0) |	43.2061|	40.6897|	25.6865|	59.8051|	|	
1|	3816580|	8|	58.4111|	0.0190013 (0, 1.10989, 0) |	77.4852|	32.7651|	27.989|	76.0032|	|	
1|	3816598|	8|	60.6853|	0.0115026 (0, 0, 0.698037) |	42.2982|	35.5127|	45.4566|	78.6639|	|	
1|	3816619|	8|	41.3576|	0 (0, 0, 0) |	93.3684|	76.491|	38.6076|	72.0366|	|	
1|	3816620|	8|	76.9365|	0.0575642 (0, 4.42879, 0) |	156.481|	103.005|	28.2791|	86.4108|	|	
1|	3816674|	8|	58.6308|	0 (0, 0, 0) |	73.4138|	45.8416|	74.275|	103.254|	|	
1|	3816691|	8|	38.3768|	0.0981031 (1.65861, 1.38211, 0.724157) |	60.0705|	43.8072|	35.97|	67.0917|	|	
1|	3816704|	8|	36.5931|	0.0689716 (0, 2.52389, 0) |	54.8066|	37.6939|	30.5529|	62.8625|	|	
1|	3816742|	8|	30.642|	0 (0, 0, 0) |	102.745|	51.2588|	52.8289|	79.595|	|	
1|	3771334|	8|	28.2772|	0 (0, 0, 0) |	118.122|	60.1886|	79.1324|	70.4373|	|	
1|	3771352|	8|	45.5017|	0.0549766 (0.791368, 1.71016, 0) |	94.2009|	81.1593|	17.0756|	54.7843|	|	
1|	3771439|	8|	46.847|	0 (0, 0, 0) |	190.369|	140.139|	54.9381|	41.671|	|	
1|	3771471|	8|	69.5414|	0.0506924 (0.785008, 2.74021, 0) |	59.6594|	50.5549|	50.4519|	117.419|	|	
1|	3771483|	8|	49.5431|	0.0884311 (0, 3.82224, 0.558913) |	80.5707|	39.8582|	30.3376|	58.7853|	|	
1|	3771485|	8|	28.0564|	0.0488687 (0, 1.37108, 0) |	40.3144|	37.3818|	85.647|	79.3116|	|	
1|	3771486|	8|	70.0442|	0.00854497 (0, 0.598526, 0) |	51.326|	36.9522|	50.4582|	69.5236|	|	
1|	3771510|	8|	49.3416|	0.00399287 (0, 0.197015, 0) |	53.1157|	31.6957|	73.3285|	113.208|	|	
1|	3771611|	8|	126.342|	0.021615 (1.90753, 0.823364, 0) |	225.619|	71.7214|	53.1404|	41.4835|	|	
1|	3771653|	8|	34.6649|	0.00496815 (0, 0.17222, 0) |	73.3364|	70.487|	32.231|	65.4427|	|	
1|	3771697|	8|	74.9763|	0.056688 (0.82406, 1.3198, 2.10639) |	83.6739|	80.5117|	55.4599|	78.9367|	|	
1|	3771723|	8|	43.9241|	0.0251089 (0.528095, 0, 0.574792) |	98.977|	37.7562|	16.8773|	52.8626|	|	
1|	3771871|	8|	36.3499|	0.096817 (0.853671, 2.66562, 0) |	70.8023|	58.5491|	92.505|	65.6538|	|	
1|	3771923|	8|	25.1541|	0 (0, 0, 0) |	115.156|	59.6979|	74.9356|	66.5519|	|	
1|	3817485|	8|	34.0423|	0.0984132 (0.933041, 2.41717, 0) |	69.495|	35.3404|	40.3366|	67.7754|	|	
1|	3817511|	8|	24.2346|	0.0874568 (1.18363, 0.935851, 0) |	213.567|	171.729|	89.5396|	91.2364|	|	
1|	3817546|	8|	49.5402|	0 (0, 0, 0) |	76.2181|	65.6636|	28.6116|	75.151|	|	
1|	3817624|	8|	38.9482|	0.0210049 (0, 0, 0.818103) |	66.1326|	37.9889|	16.5258|	41.3682|	|	
1|	3817738|	8|	49.2549|	0.0117909 (0, 0.580758, 0) |	60.0956|	36.6599|	65.2677|	83.2298|	|	
1|	3817747|	8|	34.0411|	0.0794669 (1.84153, 0, 0.863613) |	91.5514|	43.6253|	57.4558|	84.4255|	|	
1|	3817763|	8|	56.8787|	0.0649083 (0, 3.6919, 0) |	77.2737|	76.24|	24.2125|	52.6512|	|	
1|	3817809|	8|	25.2808|	0.0125289 (0, 0.31674, 0) |	85.6463|	81.011|	36.9646|	46.1529|	|	
1|	3817826|	8|	23.6233|	0 (0, 0, 0) |	113.563|	47.8291|	76.9651|	73.8244|	|	
1|	3817848|	8|	23.1126|	0.122704 (0.947287, 1.88872, 0) |	55.7399|	48.9019|	87.7149|	44.8636|	|	
1|	3817865|	8|	63.7741|	0.0334189 (0, 0.62229, 1.50897) |	46.2313|	44.8784|	18.6576|	56.5645|	|	
1|	3817893|	8|	31.3615|	0.0971369 (0.925132, 0.693894, 1.42734) |	33.5643|	31.9012|	65.073|	81.6672|	|	


