1 | 2244423 | 5 | 33.2136 | 0.0217319 ( 0 0.203993 0.517803 ) | 
1 | 2244428 | 5 | 44.8764 | 0.0170866 ( 0.766788 0 0 ) | 
1 | 2244438 | 5 | 60.7789 | 0 ( 0 0 0 ) | 
1 | 2244444 | 5 | 45.914 | 0.0271498 ( 0 1.24656 0 ) | 
1 | 2244455 | 5 | 55.2836 | 0.00436969 ( 0 0.241572 0 ) | 
1 | 2244483 | 5 | 73.21 | 0.0226576 ( 1.65876 0 0 ) | 
1 | 2244491 | 5 | 74.4374 | 0.11598 ( 3.95831 2.63504 2.0399 ) | 
1 | 2244495 | 5 | 36.1642 | 0.00762676 ( 0 0.275815 0 ) | 
1 | 2244497 | 5 | 60.9926 | 0.0270007 ( 1.0215 0.625344 0 ) | 
1 | 2244512 | 5 | 78.083 | 0.00584975 ( 0 0.456766 0 ) | 
1 | 2244530 | 5 | 62.9565 | 0.0775859 ( 1.06705 3.81749 0 ) | 
1 | 2244531 | 5 | 79.1 | 0.0345182 ( 0 2.73039 0 ) | 
1 | 2244562 | 5 | 28.4476 | 0.0174277 ( 0 0.495775 0 ) | 
1 | 2244572 | 5 | 28.413 | 0.0929024 ( 0 2.63964 0 ) | 
1 | 2244581 | 5 | 40.7718 | 0 ( 0 0 0 ) | 
1 | 2244584 | 5 | 36.4856 | 0.034188 ( 0 1.24737 0 ) | 
1 | 2244598 | 5 | 24.2086 | 0.0867199 ( 0 1.57659 0.522779 ) | 
1 | 2244627 | 5 | 23.5881 | 0.0427705 ( 1.00888 0 0 ) | 
1 | 2244631 | 5 | 24.469 | 0 ( 0 0 0 ) | 
1 | 2244662 | 5 | 29.4622 | 0.00852092 ( 0 0.251045 0 ) | 
1 | 2244682 | 5 | 41.1581 | 0.0154985 ( 0 0.637888 0 ) | 
1 | 2244712 | 5 | 28.3523 | 0.0697414 ( 0 1.97733 0 ) | 
1 | 2244722 | 5 | 61.2551 | 0.0348477 ( 0 2.1346 0 ) | 
1 | 2244737 | 5 | 98.7538 | 0.0146208 ( 0 1.44386 0 ) | 
1 | 2244741 | 5 | 20.412 | 0 ( 0 0 0 ) | 
1 | 2244751 | 5 | 36.0834 | 0.0571658 ( 2.06274 0 0 ) | 
1 | 2244786 | 5 | 68.0316 | 0.0200569 ( 0 1.3645 0 ) | 
1 | 2244804 | 5 | 84.8202 | 0.0236708 ( 0 0 2.00776 ) | 
1 | 2244808 | 5 | 27.9408 | 0.0285486 ( 0.797671 0 0 ) | 
1 | 2244810 | 5 | 41.6458 | 0 ( 0 0 0 ) | 
1 | 2244814 | 5 | 46.2219 | 0.0927428 ( 2.22237 2.06438 0 ) | 
1 | 2244818 | 5 | 78.2225 | 0.0270203 ( 0.808679 1.30492 0 ) | 
1 | 2244819 | 5 | 32.724 | 0.0484734 ( 0 1.58624 0 ) | 
1 | 2244820 | 5 | 58.2393 | 0.0113142 ( 0.658934 0 0 ) | 
1 | 2244862 | 5 | 41.2212 | 0.0137011 ( 0 0.564776 0 ) | 
1 | 2244867 | 5 | 42.0723 | 0.0111126 ( 0 0.467533 0 ) | 
1 | 2244887 | 5 | 25.5001 | 0.0609646 ( 0 0.787097 0.767505 ) | 
1 | 2244899 | 5 | 60.0567 | 0.0113617 ( 0 0 0.682346 ) | 
1 | 2450305 | 5 | 24.8671 | 0.0259267 ( 0 0.644722 0 ) | 
1 | 2450337 | 5 | 68.3152 | 0.0171787 ( 0 1.17356 0 ) | 
1 | 2450384 | 5 | 59.5257 | 0.0747112 ( 0 2.10983 2.3374 ) | 
1 | 2450387 | 5 | 31.0521 | 0.0805618 ( 2.50162 0 0 ) | 
1 | 2450400 | 5 | 46.7861 | 0.0569978 ( 1.55104 1.11566 0 ) | 
1 | 2450415 | 5 | 28.5262 | 0.0781765 ( 0 1.27369 0.95639 ) | 
1 | 2450437 | 5 | 31.867 | 0 ( 0 0 0 ) | 
1 | 2450475 | 5 | 28.746 | 0.0657401 ( 0 1.27944 0.610325 ) | 
1 | 2450487 | 5 | 24.805 | 0.0853407 ( 0 2.11688 0 ) | 
1 | 2450497 | 5 | 40.0445 | 0.140657 ( 3.62889 2.00366 0 ) | 
1 | 2450502 | 5 | 49.2823 | 0.0528435 ( 0 2.60425 0 ) | 
1 | 2450504 | 5 | 223.493 | 0.00960739 ( 0 1.51921 0.627976 ) | 
1 | 2450514 | 5 | 20.5465 | 0.0146515 ( 0 0.301036 0 ) | 
1 | 2450525 | 5 | 47.5646 | 0 ( 0 0 0 ) | 
1 | 2450530 | 5 | 40.066 | 0.018202 ( 0 0.729282 0 ) | 
1 | 2450537 | 5 | 45.8906 | 0.10297 ( 0 3.48537 1.24 ) | 
1 | 2450541 | 5 | 46.0867 | 0.110512 ( 1.5468 1.12175 2.42458 ) | 
1 | 2450545 | 5 | 26.7266 | 0.0133169 ( 0 0.355916 0 ) | 
1 | 2450551 | 5 | 37.1774 | 0.140646 ( 0 5.22884 0 ) | 
1 | 2450573 | 5 | 33.0292 | 0.052679 ( 0 1.73995 0 ) | 
1 | 2450594 | 5 | 43.0007 | 0.0499952 ( 0 2.14983 0 ) | 
1 | 2450603 | 5 | 31.2364 | 0.137306 ( 0 4.28894 0 ) | 
1 | 2450607 | 5 | 36.6774 | 0 ( 0 0 0 ) | 
1 | 2450617 | 5 | 28.1093 | 0.0103977 ( 0 0.292271 0 ) | 
1 | 2450640 | 5 | 27.2894 | 0.0256705 ( 0 0 0.700535 ) | 
1 | 2450660 | 5 | 36.9063 | 0.0500167 ( 0.95304 0.892888 0 ) | 
1 | 2450703 | 5 | 38.3617 | 0 ( 0 0 0 ) | 
1 | 2450717 | 5 | 64.6213 | 0.0531901 ( 3.43721 0 0 ) | 
1 | 2450785 | 5 | 113.668 | 0.011238 ( 0 1.2774 0 ) | 
1 | 2450818 | 5 | 30.2801 | 0.0724592 ( 0.846498 0.642445 0.705127 ) | 
1 | 2450820 | 5 | 22.1965 | 0.0292086 ( 0 0.648327 0 ) | 
1 | 2450827 | 5 | 54.6263 | 0.0216233 ( 0 0.193129 0.988071 ) | 
1 | 2450835 | 5 | 44.3102 | 0.0533888 ( 0 2.36567 0 ) | 
1 | 2450872 | 5 | 30.5915 | 0.108791 ( 2.65327 0 0.674805 ) | 
1 | 2450873 | 5 | 29.2914 | 0 ( 0 0 0 ) | 
1 | 2450884 | 5 | 93.9289 | 0.00634158 ( 0 0.595657 0 ) | 
1 | 2450897 | 5 | 62.3713 | 0.0124616 ( 0 0 0.777245 ) | 
1 | 2450920 | 5 | 35.6461 | 0 ( 0 0 0 ) | 
1 | 2469813 | 5 | 22.0947 | 0 ( 0 0 0 ) | 
1 | 2469825 | 5 | 57.135 | 0 ( 0 0 0 ) | 
1 | 2469838 | 5 | 23.5686 | 0 ( 0 0 0 ) | 
1 | 2469841 | 5 | 39.7695 | 0.00657528 ( 0 0.261496 0 ) | 
1 | 2469847 | 5 | 42.5855 | 0.0512963 ( 0.671462 0.0820457 1.43097 ) | 
1 | 2469881 | 5 | 34.3749 | 0.0191972 ( 0 0.659904 0 ) | 
1 | 2469887 | 5 | 35.8696 | 0.0401979 ( 0 0 1.44188 ) | 
1 | 2469907 | 5 | 24.6752 | 0.0152828 ( 0 0.377107 0 ) | 
1 | 2469918 | 5 | 36.056 | 0.0482923 ( 0 1.74123 0 ) | 
1 | 2469929 | 5 | 63.4039 | 0.0175421 ( 0 1.11224 0 ) | 
1 | 2469935 | 5 | 35.6155 | 0.0257453 ( 0 0.179383 0.737551 ) | 
1 | 2469941 | 5 | 63.5362 | 0.00549095 ( 0 0.348875 0 ) | 
1 | 2469979 | 5 | 49.6083 | 0.0531873 ( 1.35149 1.28704 0 ) | 
1 | 2469982 | 5 | 25.4665 | 0.0957759 ( 0 1.65606 0.783023 ) | 
1 | 2469990 | 5 | 75.5712 | 0.0210684 ( 0 0.893664 0.698498 ) | 
1 | 2469993 | 5 | 53.2502 | 0.062744 ( 0 2.00717 1.33396 ) | 
1 | 2470008 | 5 | 42.4147 | 0.020782 ( 0 0.881462 0 ) | 
1 | 2470078 | 5 | 106.432 | 0.0219026 ( 0 0 2.33113 ) | 
1 | 2470083 | 5 | 20.9903 | 0.0277482 ( 0 0 0.582444 ) | 
1 | 2470090 | 5 | 59.8136 | 0.0176905 ( 0.905044 0.153088 0 ) | 
1 | 2470116 | 5 | 44.6052 | 0.0306209 ( 0 1.36585 0 ) | 
1 | 2470119 | 5 | 34.0526 | 0.126465 ( 1.16386 1.26008 1.88253 ) | 
1 | 2470120 | 5 | 35.1736 | 0.0233329 ( 0 0.820703 0 ) | 
1 | 2470127 | 5 | 49.4823 | 0.033987 ( 1.19193 0.48982 0 ) | 
1 | 2470131 | 5 | 66.1954 | 0.0234662 ( 0 0 1.55335 ) | 
1 | 2470145 | 5 | 38.517 | 0.0774703 ( 0 2.44447 0.539456 ) | 
1 | 2470164 | 5 | 45.1623 | 0.0719445 ( 0 3.24918 0 ) | 
1 | 2470191 | 5 | 33.6274 | 0.0394912 ( 0.789811 0.538173 0 ) | 
1 | 2470206 | 5 | 25.0292 | 0.0155293 ( 0 0.388685 0 ) | 
1 | 2470207 | 5 | 34.3586 | 0.128264 ( 0 1.05334 3.35363 ) | 
1 | 2470216 | 5 | 36.3298 | 0.0135837 ( 0 0.493492 0 ) | 
1 | 2470234 | 5 | 36.0858 | 0 ( 0 0 0 ) | 
1 | 2470235 | 5 | 34.2471 | 0 ( 0 0 0 ) | 
1 | 2470244 | 5 | 57.2566 | 0.0202718 ( 0.64648 0.514212 0 ) | 
1 | 2470278 | 5 | 38.71 | 0.0369906 ( 0.589434 0.842469 0 ) | 
1 | 2470315 | 5 | 34.6491 | 0.126834 ( 0.748578 3.64609 0 ) | 
1 | 2470335 | 5 | 42.2841 | 0 ( 0 0 0 ) | 
1 | 2470344 | 5 | 47.2708 | 0.0049397 ( 0 0.233503 0 ) | 
1 | 2470363 | 5 | 37.6633 | 0.0318368 ( 1.19908 0 0 ) | 
1 | 2470369 | 5 | 26.5505 | 0 ( 0 0 0 ) | 
1 | 2470376 | 5 | 46.5991 | 0.0219246 ( 0 0.394169 0.627499 ) | 
1 | 2470386 | 5 | 27.482 | 0.0189843 ( 0 0.521726 0 ) | 
1 | 2470393 | 5 | 35.2553 | 0.0541771 ( 0 1.91003 0 ) | 
1 | 2470402 | 5 | 27.8521 | 0.0212588 ( 0 0 0.592104 ) | 
1 | 2470404 | 5 | 74.4587 | 0.051255 ( 0 2.94611 0.870274 ) | 
1 | 2482152 | 5 | 32.3142 | 0 ( 0 0 0 ) | 
1 | 2482156 | 5 | 38.9077 | 0.0644578 ( 0 1.80343 0.704476 ) | 
1 | 2482168 | 5 | 84.2563 | 0.013388 ( 0 0.611171 0.51685 ) | 
1 | 2482226 | 5 | 28.5026 | 0.0367369 ( 0 1.0471 0 ) | 
1 | 2482231 | 5 | 21.7124 | 0.0657455 ( 0 1.4275 0 ) | 
1 | 2482248 | 5 | 27.633 | 0.0251358 ( 0 0.694577 0 ) | 
1 | 2482270 | 5 | 58.5338 | 0.0208877 ( 0 1.22264 0 ) | 
1 | 2482273 | 5 | 37.2256 | 0.0200349 ( 0.590804 0.155007 0 ) | 
1 | 2482301 | 5 | 37.7284 | 0.0326332 ( 0 1.2312 0 ) | 
1 | 2482303 | 5 | 61.4219 | 0.00900581 ( 0 0 0.553153 ) | 
1 | 2482313 | 5 | 24.9238 | 0.119731 ( 0 2.38407 0.600087 ) | 
1 | 2482344 | 5 | 55.5735 | 0.0312468 ( 0 1.73649 0 ) | 
1 | 2482362 | 5 | 54.9196 | 0.0375988 ( 0 0.200503 1.86441 ) | 
1 | 2482379 | 5 | 38.8006 | 0.0233544 ( 0 0.906164 0 ) | 
1 | 2482403 | 5 | 56.6126 | 0.0758374 ( 0 0 4.29336 ) | 
1 | 2482466 | 5 | 30.7492 | 0.0473919 ( 0 1.45726 0 ) | 
1 | 2482475 | 5 | 37.8449 | 0 ( 0 0 0 ) | 
1 | 2482481 | 5 | 30.259 | 0.137171 ( 0.545234 0.691744 2.91367 ) | 
1 | 2482503 | 5 | 25.7422 | 0.0970605 ( 0.836192 1.66236 0 ) | 
1 | 2482505 | 5 | 34.1254 | 0.0130609 ( 0 0.44571 0 ) | 
1 | 2482509 | 5 | 88.6605 | 0.0240974 ( 1.91836 0.218129 0 ) | 
1 | 2482524 | 5 | 43.3913 | 0.0163655 ( 0 0.71012 0 ) | 
1 | 2482533 | 5 | 40.4548 | 0 ( 0 0 0 ) | 
1 | 2482590 | 5 | 21.5129 | 0.0578488 ( 0 1.2445 0 ) | 
1 | 2482594 | 5 | 65.5686 | 0.0168473 ( 0 1.10466 0 ) | 
1 | 2482604 | 5 | 129.417 | 0.0250719 ( 0 3.24472 0 ) | 
1 | 2482612 | 5 | 41.1878 | 0 ( 0 0 0 ) | 
1 | 2482621 | 5 | 31.5333 | 0.0771635 ( 0.579397 1.2005 0.653318 ) | 
1 | 2482627 | 5 | 21.5785 | 0.0214617 ( 0 0.463112 0 ) | 
1 | 2482638 | 5 | 38.7812 | 0.0157625 ( 0 0.0894779 0.521809 ) | 
1 | 2482645 | 5 | 31.8455 | 0.11246 ( 0.933505 0.26504 2.38279 ) | 
1 | 2482650 | 5 | 70.3257 | 0.0223091 ( 0 0.918813 0.650092 ) | 
1 | 2482652 | 5 | 108.294 | 0.00568503 ( 0 0.615654 0 ) | 
1 | 2482654 | 5 | 39.8218 | 0.0312706 ( 0 1.24525 0 ) | 
1 | 2482655 | 5 | 60.7917 | 0.0313408 ( 0 1.90526 0 ) | 
1 | 2482684 | 5 | 32.3533 | 0.00682033 ( 0 0.22066 0 ) | 
1 | 2482692 | 5 | 56.8684 | 0.00985072 ( 0 0.560194 0 ) | 
1 | 2482719 | 5 | 21.2954 | 0 ( 0 0 0 ) | 
1 | 2482738 | 5 | 75.0351 | 0.0196338 ( 0 1.47322 0 ) | 
1 | 2482746 | 5 | 45.5984 | 0 ( 0 0 0 ) | 
1 | 2482775 | 5 | 63.5181 | 0 ( 0 0 0 ) | 
1 | 2482779 | 5 | 47.5102 | 0.083429 ( 0 3.96373 0 ) | 
1 | 2482782 | 5 | 52.0831 | 0.068718 ( 0 1.59844 1.9806 ) | 
1 | 2078512 | 5 | 48.8181 | 0.0903639 ( 0.594732 1.42144 2.39522 ) | 
1 | 2078525 | 5 | 35.8694 | 0 ( 0 0 0 ) | 
1 | 2078555 | 5 | 32.79 | 0.0101535 ( 0 0.332931 0 ) | 
1 | 2078582 | 5 | 31.4464 | 0.0570536 ( 0 1.79413 0 ) | 
1 | 2078604 | 5 | 62.7107 | 0.051489 ( 0.912945 2.31597 0 ) | 
1 | 2078609 | 5 | 28.8375 | 0 ( 0 0 0 ) | 
1 | 2078610 | 5 | 21.4171 | 0.0249475 ( 0 0.534304 0 ) | 
1 | 2078614 | 5 | 40.7201 | 0.0852652 ( 1.53435 1.93766 0 ) | 
1 | 2078618 | 5 | 25.7261 | 0.057199 ( 0 0.757257 0.714254 ) | 
1 | 2078629 | 5 | 38.2721 | 0.0258979 ( 0.991167 0 0 ) | 
1 | 2078641 | 5 | 45.8536 | 0.0369563 ( 0 0.878739 0.815839 ) | 
1 | 2078643 | 5 | 50.356 | 0.0772134 ( 0 2.76433 1.12383 ) | 
1 | 2078651 | 5 | 67.5441 | 0.0578943 ( 1.68101 2.22941 0 ) | 
1 | 2078675 | 5 | 61.6212 | 0 ( 0 0 0 ) | 
1 | 2078708 | 5 | 78.4911 | 0.0143154 ( 0 0.443693 0.67994 ) | 
1 | 2078765 | 5 | 39.2889 | 0.0279957 ( 0 1.09992 0 ) | 
1 | 2078771 | 5 | 43.7362 | 0.0371113 ( 0 0.37457 1.24854 ) | 
1 | 2078801 | 5 | 31.4174 | 0.0599421 ( 0 0.564112 1.31911 ) | 
1 | 2078804 | 5 | 76.752 | 0 ( 0 0 0 ) | 
1 | 2078823 | 5 | 39.1122 | 0.00893921 ( 0 0.349633 0 ) | 
1 | 2078857 | 5 | 69.5437 | 0.0276303 ( 0 0.214134 1.70738 ) | 
1 | 2078867 | 5 | 24.4069 | 0 ( 0 0 0 ) | 
1 | 2078907 | 5 | 83.4618 | 0.00846335 ( 0 0.706367 0 ) | 
1 | 2078914 | 5 | 72.6609 | 0.00806535 ( 0 0.586035 0 ) | 
1 | 2078922 | 5 | 32.4782 | 0.0656967 ( 2.13371 0 0 ) | 
1 | 2078930 | 5 | 31.1359 | 0.0249454 ( 0 0 0.776697 ) | 
1 | 2078952 | 5 | 28.866 | 0.0175276 ( 0 0.505952 0 ) | 
1 | 2078953 | 5 | 28.4082 | 0.0657899 ( 0 1.86897 0 ) | 
1 | 2078961 | 5 | 44.1749 | 0.132373 ( 1.67506 1.59985 2.57267 ) | 
1 | 2078965 | 5 | 45.2241 | 0 ( 0 0 0 ) | 
1 | 2078967 | 5 | 42.5429 | 0.0518131 ( 0 1.63908 0.5652 ) | 
1 | 2079039 | 5 | 68.7847 | 0.0339051 ( 0 1.74578 0.586375 ) | 
1 | 2079043 | 5 | 80.78 | 0.0113279 ( 0 0 0.915069 ) | 
1 | 2079044 | 5 | 33.7943 | 0.00466682 ( 0 0.157712 0 ) | 
1 | 2079065 | 5 | 39.7274 | 0.0163731 ( 0 0 0.650461 ) | 
1 | 2079087 | 5 | 40.5693 | 0.0757962 ( 0 2.54157 0.53343 ) | 
1 | 2079099 | 5 | 26.261 | 0 ( 0 0 0 ) | 
1 | 2079111 | 5 | 43.9189 | 0.0370376 ( 0 0.255452 1.3712 ) | 
1 | 2079125 | 5 | 71.1772 | 0.0425321 ( 0.924451 1.00289 1.09998 ) | 
1 | 2079135 | 5 | 36.2388 | 0 ( 0 0 0 ) | 
1 | 2533503 | 6 | 49.8797 | 0.0662523 ( 0 1.97799 1.32665 ) | 
1 | 2533522 | 6 | 63.5973 | 0.0490185 ( 0.660576 2.45687 0 ) | 
1 | 2533525 | 6 | 33.611 | 0.0506148 ( 1.70121 0 0 ) | 
1 | 2533533 | 6 | 33.6051 | 0 ( 0 0 0 ) | 
1 | 2533568 | 6 | 49.6198 | 0 ( 0 0 0 ) | 
1 | 2533585 | 6 | 38.4193 | 0.0937732 ( 0 3.6027 0 ) | 
1 | 2533604 | 6 | 23.0894 | 0.0768342 ( 0.759811 0.30476 0.709487 ) | 
1 | 2533607 | 6 | 28.1971 | 0.0166632 ( 0 0.469852 0 ) | 
1 | 2533608 | 6 | 39.9463 | 0.0472077 ( 0 1.88577 0 ) | 
1 | 2533630 | 6 | 40.9734 | 0 ( 0 0 0 ) | 
1 | 2533631 | 6 | 49.0662 | 0.00521621 ( 0 0.25594 0 ) | 
1 | 2533635 | 6 | 82.0902 | 0.0122271 ( 0.513149 0.490579 0 ) | 
1 | 2533638 | 6 | 30.0649 | 0.147458 ( 2.83963 0.940608 0.65307 ) | 
1 | 2533658 | 6 | 82.073 | 0.0526633 ( 0 2.10107 2.22116 ) | 
1 | 2533666 | 6 | 42.4036 | 0.0142853 ( 0 0 0.605747 ) | 
1 | 2533673 | 6 | 71.91 | 0 ( 0 0 0 ) | 
1 | 2533724 | 6 | 48.0766 | 0.0360297 ( 0 1.73219 0 ) | 
1 | 2533727 | 6 | 33.5198 | 0.0742214 ( 0 2.48789 0 ) | 
1 | 2533767 | 6 | 23.7967 | 0.093471 ( 0 1.26583 0.958472 ) | 
1 | 2533776 | 6 | 69.3498 | 0.00499308 ( 0 0.346269 0 ) | 
1 | 2533778 | 6 | 78.2252 | 0.0138295 ( 0.802134 0.279684 0 ) | 
1 | 2533783 | 6 | 53.1672 | 0.0188285 ( 0 1.00106 0 ) | 
1 | 2533784 | 6 | 47.6944 | 0.00453929 ( 0 0.216499 0 ) | 
1 | 2533785 | 6 | 38.0741 | 0.0155838 ( 0 0.59334 0 ) | 
1 | 2533800 | 6 | 42.4336 | 0.0249136 ( 0.709306 0.347866 0 ) | 
1 | 2533807 | 6 | 59.1655 | 0.0229962 ( 0 1.36058 0 ) | 
1 | 2533812 | 6 | 55.4175 | 0 ( 0 0 0 ) | 
1 | 2533827 | 6 | 27.9055 | 0.113153 ( 0 3.1576 0 ) | 
1 | 2533834 | 6 | 46.889 | 0.0129159 ( 0 0.605613 0 ) | 
1 | 2533873 | 6 | 53.5794 | 0.0370045 ( 0.648194 1.33448 0 ) | 
1 | 2533891 | 6 | 26.6647 | 0 ( 0 0 0 ) | 
1 | 2533900 | 6 | 38.597 | 0.0611361 ( 0 0 2.35967 ) | 
1 | 2533906 | 6 | 44.4203 | 0.0116373 ( 0 0.516932 0 ) | 
1 | 2533927 | 6 | 38.1492 | 0.0580536 ( 0.691891 1.52281 0 ) | 
1 | 2533960 | 6 | 41.4752 | 0.0155712 ( 0.64582 0 0 ) | 
1 | 2533974 | 6 | 53.1331 | 0.0216795 ( 1.1519 0 0 ) | 
1 | 2534003 | 6 | 71.6883 | 0.0272591 ( 0 1.95416 0 ) | 
1 | 2534060 | 6 | 50.4542 | 0.0291599 ( 0 0 1.47124 ) | 
1 | 2534104 | 6 | 60.1187 | 0.0480666 ( 0 2.8897 0 ) | 
1 | 2766212 | 6 | 21.4031 | 0.0912142 ( 0 1.95227 0 ) | 
1 | 2766229 | 6 | 30.8955 | 0.0287904 ( 0 0 0.889492 ) | 
1 | 2766238 | 6 | 28.2342 | 0.0827783 ( 0 2.33718 0 ) | 
1 | 2766245 | 6 | 31.1556 | 0.00575384 ( 0 0.179265 0 ) | 
1 | 2766262 | 6 | 21.2457 | 0.0750217 ( 0.835418 0.758474 0 ) | 
1 | 2766263 | 6 | 109.129 | 0.00265531 ( 0 0.289772 0 ) | 
1 | 2766279 | 6 | 39.5 | 0.0879112 ( 0 0.775994 2.6965 ) | 
1 | 2766286 | 6 | 23.5039 | 0.100585 ( 0.79476 1.56938 0 ) | 
1 | 2766295 | 6 | 45.4876 | 0.0391813 ( 0 1.78226 0 ) | 
1 | 2766306 | 6 | 86.0763 | 0.00496216 ( 0 0.427124 0 ) | 
1 | 2766344 | 6 | 71.6793 | 0.0101137 ( 0 0 0.724945 ) | 
1 | 2766348 | 6 | 29.0883 | 0.0173557 ( 0 0 0.504847 ) | 
1 | 2766396 | 6 | 34.6646 | 0.0253339 ( 0 0.878189 0 ) | 
1 | 2766433 | 6 | 63.5109 | 0.0029094 ( 0 0.184779 0 ) | 
1 | 2766434 | 6 | 45.2962 | 0.0541864 ( 0.797073 1.65736 0 ) | 
1 | 2766442 | 6 | 39.0558 | 0.0422881 ( 1.6516 0 0 ) | 
1 | 2766445 | 6 | 24.9763 | 0.0330542 ( 0 0.825573 0 ) | 
1 | 2766460 | 6 | 47.122 | 0.0323766 ( 0 0 1.52565 ) | 
1 | 2766467 | 6 | 66.508 | 0.0183728 ( 0 0.59413 0.627807 ) | 
1 | 2766482 | 6 | 28.1115 | 0.0438765 ( 0 0.423786 0.809648 ) | 
1 | 2766486 | 6 | 30.8558 | 0.0257679 ( 0 0.795088 0 ) | 
1 | 2766529 | 6 | 58.1785 | 0.00981943 ( 0.571279 0 0 ) | 
1 | 2766539 | 6 | 36.7612 | 0.00882088 ( 0 0.324266 0 ) | 
1 | 2766557 | 6 | 39.4345 | 0.0220365 ( 0.643755 0.225244 0 ) | 
1 | 2766564 | 6 | 97.9688 | 0.00826125 ( 0 0 0.809345 ) | 
1 | 2766567 | 6 | 59.9748 | 0.00595618 ( 0 0.357221 0 ) | 
1 | 2766638 | 6 | 68.7763 | 0.0373715 ( 0.563603 0.690102 1.31657 ) | 
1 | 2766639 | 6 | 46.0534 | 0.0639522 ( 0 1.62098 1.32423 ) | 
1 | 2766654 | 6 | 47.6407 | 0.0150815 ( 0 0.718492 0 ) | 
1 | 2766664 | 6 | 25.7118 | 0.0591363 ( 1.0248 0.495703 0 ) | 
1 | 2766682 | 6 | 33.306 | 0.029748 ( 0 0.990788 0 ) | 
1 | 2766700 | 6 | 22.1804 | 0 ( 0 0 0 ) | 
1 | 2766710 | 6 | 30.2785 | 0.00661752 ( 0 0.200369 0 ) | 
1 | 2766713 | 6 | 38.721 | 0.0401655 ( 0.763595 0.791655 0 ) | 
1 | 2766747 | 6 | 56.386 | 0.141108 ( 0.602415 7.3541 0 ) | 
1 | 2766755 | 6 | 41.2144 | 0.0146302 ( 0.602974 0 0 ) | 
1 | 2766769 | 6 | 30.1821 | 0.00606761 ( 0 0.183133 0 ) | 
1 | 2766770 | 6 | 26.9448 | 0 ( 0 0 0 ) | 
1 | 2766790 | 6 | 83.8363 | 0.0191819 ( 0.907302 0.700835 0 ) | 
1 | 2766793 | 6 | 26.9793 | 0.0562087 ( 0.851353 0.665119 0 ) | 
1 | 2766814 | 6 | 20.7155 | 0.0418294 ( 0.866519 0 0 ) | 
1 | 2766847 | 6 | 66.9569 | 0.0365825 ( 0 2.44945 0 ) | 
1 | 2614101 | 6 | 36.3191 | 0.00543338 ( 0 0.197335 0 ) | 
1 | 2614122 | 6 | 35.7593 | 0.0311413 ( 0 0.290926 0.822664 ) | 
1 | 2614135 | 6 | 72.3198 | 0.0470988 ( 0 1.60724 1.79893 ) | 
1 | 2614144 | 6 | 22.385 | 0.0935377 ( 0 1.49641 0.597423 ) | 
1 | 2614152 | 6 | 39.1366 | 0.0948684 ( 1.9554 1.2466 0.510828 ) | 
1 | 2614155 | 6 | 35.6203 | 0.0244984 ( 0 0.872639 0 ) | 
1 | 2614157 | 6 | 30.9108 | 0.0252056 ( 0 0.779124 0 ) | 
1 | 2614162 | 6 | 33.2166 | 0.0694138 ( 0.819206 0.20898 1.2775 ) | 
1 | 2614173 | 6 | 39.0052 | 0.064001 ( 0 1.88784 0.60853 ) | 
1 | 2614190 | 6 | 21.904 | 0.0920643 ( 0 1.28657 0.730006 ) | 
1 | 2614228 | 6 | 28.7981 | 0.0283273 ( 0 0.815771 0 ) | 
1 | 2614256 | 6 | 35.3313 | 0.0108971 ( 0 0.385007 0 ) | 
1 | 2614265 | 6 | 48.4773 | 0.047058 ( 0 2.28124 0 ) | 
1 | 2614268 | 6 | 24.8444 | 0 ( 0 0 0 ) | 
1 | 2614292 | 6 | 50.7549 | 0.0603076 ( 0 1.74807 1.31283 ) | 
1 | 2614313 | 6 | 25.1302 | 0.0359773 ( 0 0.904118 0 ) | 
1 | 2614321 | 6 | 32.8379 | 0.0196468 ( 0.645161 0 0 ) | 
1 | 2614340 | 6 | 20.197 | 0.0251485 ( 0 0 0.507923 ) | 
1 | 2614357 | 6 | 115.732 | 0.0387823 ( 1.19944 3.28892 0 ) | 
1 | 2614378 | 6 | 42.9689 | 0.0875038 ( 0 2.38382 1.37612 ) | 
1 | 2614391 | 6 | 39.5739 | 0.0485438 ( 0 1.92107 0 ) | 
1 | 2614392 | 6 | 20.367 | 0.044574 ( 0 0 0.907838 ) | 
1 | 2614397 | 6 | 52.6342 | 0.065095 ( 0 0.797341 2.62888 ) | 
1 | 2614400 | 6 | 56.6841 | 0 ( 0 0 0 ) | 
1 | 2614402 | 6 | 47.6429 | 0.0732896 ( 0 3.49173 0 ) | 
1 | 2614419 | 6 | 21.2797 | 0.103548 ( 0 1.59479 0.608677 ) | 
1 | 2614439 | 6 | 22.8765 | 0.0105507 ( 0 0.241363 0 ) | 
1 | 2614478 | 6 | 54.5805 | 0.0680862 ( 0 1.10342 2.61276 ) | 
1 | 2614512 | 6 | 50.0866 | 0.0134658 ( 0 0.674454 0 ) | 
1 | 2614520 | 6 | 25.8541 | 0 ( 0 0 0 ) | 
1 | 2614545 | 6 | 39.5118 | 0.00625586 ( 0 0.24718 0 ) | 
1 | 2614563 | 6 | 48.466 | 0.133276 ( 4.49766 0.69724 1.26444 ) | 
1 | 2614581 | 6 | 37.2749 | 0.124313 ( 0.916616 2.35133 1.36582 ) | 
1 | 2614613 | 6 | 31.853 | 0 ( 0 0 0 ) | 
1 | 2614624 | 6 | 25.0757 | 0 ( 0 0 0 ) | 
1 | 2614626 | 6 | 72.7162 | 0.00835738 ( 0 0.607717 0 ) | 
1 | 2614642 | 6 | 62.2746 | 0 ( 0 0 0 ) | 
1 | 2614643 | 6 | 31.9613 | 0.118176 ( 0.68072 1.95714 1.13919 ) | 
1 | 2614658 | 6 | 53.7909 | 0.0585011 ( 0.892674 2.25416 0 ) | 
1 | 2614662 | 6 | 25.6351 | 0.084154 ( 2.15729 0 0 ) | 
1 | 2614685 | 6 | 58.0623 | 0 ( 0 0 0 ) | 
1 | 2614691 | 6 | 124.492 | 0 ( 0 0 0 ) | 
1 | 2614693 | 6 | 38.4505 | 0.0421298 ( 0 1.61991 0 ) | 
1 | 2614732 | 6 | 71.7245 | 0.0133281 ( 0 0.955951 0 ) | 
1 | 2614737 | 6 | 44.8796 | 0.0133365 ( 0 0.598536 0 ) | 
1 | 2614739 | 6 | 41.4557 | 0.016748 ( 0 0.145593 0.548708 ) | 
1 | 2687557 | 6 | 23.7338 | 0.0617184 ( 0 1.46481 0 ) | 
1 | 2687581 | 6 | 58.2633 | 0 ( 0 0 0 ) | 
1 | 2687593 | 6 | 41.3962 | 0.0382128 ( 0 1.58187 0 ) | 
1 | 2687608 | 6 | 28.3712 | 0.0322755 ( 0.686574 0.22912 0 ) | 
1 | 2687648 | 6 | 65.524 | 0.0441052 ( 0.895294 1.99466 0 ) | 
1 | 2687675 | 6 | 55.4659 | 0.0388174 ( 0 2.15304 0 ) | 
1 | 2687690 | 6 | 30.2771 | 0.0248389 ( 0 0.752049 0 ) | 
1 | 2687703 | 6 | 48.5753 | 0.00911556 ( 0 0.442791 0 ) | 
1 | 2687711 | 6 | 75.9719 | 0.0138822 ( 0 0 1.05466 ) | 
1 | 2687717 | 6 | 35.733 | 0.0152886 ( 0 0.546306 0 ) | 
1 | 2687770 | 6 | 52.6365 | 0.0107091 ( 0 0.56369 0 ) | 
1 | 2687778 | 6 | 23.5911 | 0.0494611 ( 0 0.180153 0.986687 ) | 
1 | 2687782 | 6 | 52.8382 | 0 ( 0 0 0 ) | 
1 | 2687793 | 6 | 33.9376 | 0.0125747 ( 0 0.426756 0 ) | 
1 | 2687823 | 6 | 41.984 | 0.0467708 ( 1.31547 0.648157 0 ) | 
1 | 2687831 | 6 | 26.9081 | 0.0364847 ( 0.771144 0.21059 0 ) | 
1 | 2687849 | 6 | 49.2545 | 0.0910154 ( 0.699989 3.78293 0 ) | 
1 | 2687877 | 6 | 69.1998 | 0.0537761 ( 0 2.01273 1.70856 ) | 
1 | 2687881 | 6 | 44.7662 | 0.00211892 ( 0 0.094856 0 ) | 
1 | 2687884 | 6 | 26.8991 | 0.136843 ( 0.845901 1.88665 0.948402 ) | 
1 | 2687897 | 6 | 40.1502 | 0.0312542 ( 0 1.25486 0 ) | 
1 | 2687915 | 6 | 47.5402 | 0.0884255 ( 1.50021 1.61059 1.09296 ) | 
1 | 2687918 | 6 | 42.7607 | 0.0763839 ( 0 3.26623 0 ) | 
1 | 2687923 | 6 | 47.2704 | 0.0132161 ( 0 0.624732 0 ) | 
1 | 2687925 | 6 | 28.8462 | 0.0468522 ( 0 0.560776 0.790733 ) | 
1 | 2687933 | 6 | 27.51 | 0.105937 ( 1.00162 1.382 0.530702 ) | 
1 | 2688001 | 6 | 36.3894 | 0.0297897 ( 0 0.123779 0.960252 ) | 
1 | 2688002 | 6 | 77.7827 | 0.019154 ( 0 1.48985 0 ) | 
1 | 2688004 | 6 | 128.719 | 0.00826769 ( 0 1.06421 0 ) | 
1 | 2688007 | 6 | 25.6058 | 0 ( 0 0 0 ) | 
1 | 2688042 | 6 | 40.63 | 0.0177249 ( 0 0.720163 0 ) | 
1 | 2688058 | 6 | 49.1524 | 0.00851827 ( 0 0.418694 0 ) | 
1 | 2688059 | 6 | 46.7539 | 0.024116 ( 0 1.12752 0 ) | 
1 | 2688130 | 6 | 30.7029 | 0.0668722 ( 0.666627 1.38654 0 ) | 
1 | 2688136 | 6 | 44.1321 | 0.0541046 ( 1.60738 0.780366 0 ) | 
1 | 2688148 | 6 | 81.1666 | 0.0146323 ( 0.797316 0.390339 0 ) | 
1 | 2688154 | 6 | 27.0211 | 0.0292737 ( 0.791009 0 0 ) | 
1 | 2688155 | 6 | 27.5058 | 0.125849 ( 0 3.46158 0 ) | 
1 | 2688170 | 6 | 51.9619 | 0.002558 ( 0 0.132918 0 ) | 
1 | 3868187 | 8 | 51.3307 | 0.00513984 ( 0 0.263831 0 ) | 
1 | 3868197 | 8 | 26.0921 | 0 ( 0 0 0 ) | 
1 | 3868218 | 8 | 67.7895 | 0.00629283 ( 0 0.426588 0 ) | 
1 | 3868219 | 8 | 41.1068 | 0.0309202 ( 0 0.396425 0.874607 ) | 
1 | 3868223 | 8 | 23.4768 | 0.0755269 ( 0 0.517042 1.25609 ) | 
1 | 3868288 | 8 | 34.1287 | 0.135765 ( 0 1.65574 2.97774 ) | 
1 | 3868295 | 8 | 20.3863 | 0.0687456 ( 0.663108 0 0.738362 ) | 
1 | 3868298 | 8 | 50.103 | 0 ( 0 0 0 ) | 
1 | 3868325 | 8 | 40.6061 | 0.00434088 ( 0 0.176266 0 ) | 
1 | 3868360 | 8 | 56.7799 | 0 ( 0 0 0 ) | 
1 | 3868366 | 8 | 70.9581 | 0 ( 0 0 0 ) | 
1 | 3868388 | 8 | 79.8856 | 0.0131879 ( 0 1.05353 0 ) | 
1 | 3868403 | 8 | 75.1613 | 0.0131452 ( 0 0.988013 0 ) | 
1 | 3868419 | 8 | 27.6295 | 0.108512 ( 2.99814 0 0 ) | 
1 | 3868426 | 8 | 38.5476 | 0.0512046 ( 0 1.97381 0 ) | 
1 | 3868434 | 8 | 59.8322 | 0.0341967 ( 0 0.604028 1.44203 ) | 
1 | 3868483 | 8 | 64.3928 | 0.018281 ( 0 1.17716 0 ) | 
1 | 3868492 | 8 | 56.2655 | 0.0565001 ( 0.928538 1.71388 0.536581 ) | 
1 | 3868494 | 8 | 41.3172 | 0.049459 ( 0 0 2.04351 ) | 
1 | 3868560 | 8 | 31.0108 | 0 ( 0 0 0 ) | 
1 | 3868566 | 8 | 46.9157 | 0.12206 ( 0 4.25071 1.4758 ) | 
1 | 3868600 | 8 | 49.8788 | 0.00266966 ( 0 0.133159 0 ) | 
1 | 3868629 | 8 | 27.1395 | 0 ( 0 0 0 ) | 
1 | 3868632 | 8 | 40.5116 | 0.0383512 ( 0 1.55367 0 ) | 
1 | 3868633 | 8 | 26.8976 | 0.0327138 ( 0 0.87992 0 ) | 
1 | 3868686 | 8 | 29.3246 | 0.0242584 ( 0 0 0.711366 ) | 
1 | 3868688 | 8 | 88.6742 | 0 ( 0 0 0 ) | 
1 | 3868700 | 8 | 64.2178 | 0.0207329 ( 0 1.33142 0 ) | 
1 | 3868723 | 8 | 33.1974 | 0 ( 0 0 0 ) | 
1 | 3868727 | 8 | 103.812 | 0.00821483 ( 0 0.852802 0 ) | 
1 | 3868736 | 8 | 35.7837 | 0.024472 ( 0 0.8757 0 ) | 
1 | 3868746 | 8 | 23.7625 | 0.0394386 ( 0 0.937161 0 ) | 
1 | 3868765 | 8 | 81.467 | 0.00790082 ( 0 0 0.643656 ) | 
1 | 3868780 | 8 | 21.2524 | 0.0729951 ( 0 1.05021 0.501113 ) | 
1 | 3868783 | 8 | 78.0557 | 0.0244539 ( 0 1.90877 0 ) | 
1 | 3868786 | 8 | 47.1803 | 0 ( 0 0 0 ) | 
1 | 3816189 | 8 | 45.7965 | 0 ( 0 0 0 ) | 
1 | 3816200 | 8 | 36.0076 | 0.048031 ( 0 0.106611 1.62287 ) | 
1 | 3816201 | 8 | 53.0608 | 0.0239286 ( 0 0 1.26967 ) | 
1 | 3816208 | 8 | 49.2766 | 0.0340204 ( 0 1.67641 0 ) | 
1 | 3816212 | 8 | 28.7988 | 0.0263079 ( 0 0.757636 0 ) | 
1 | 3816239 | 8 | 64.6957 | 0.0308161 ( 0 1.24203 0.75164 ) | 
1 | 3816240 | 8 | 86.1431 | 0.00627173 ( 0 0.540266 0 ) | 
1 | 3816257 | 8 | 81.2871 | 0.00207538 ( 0 0.168702 0 ) | 
1 | 3816262 | 8 | 36.2426 | 0 ( 0 0 0 ) | 
1 | 3816276 | 8 | 52.2042 | 0 ( 0 0 0 ) | 
1 | 3816285 | 8 | 37.5124 | 0.00702876 ( 0 0.263666 0 ) | 
1 | 3816292 | 8 | 26.2794 | 0.105606 ( 0 1.63717 1.13808 ) | 
1 | 3816293 | 8 | 64.4762 | 0.0122798 ( 0 0.218992 0.572764 ) | 
1 | 3816297 | 8 | 78.6843 | 0.0434943 ( 0 0.933905 2.48841 ) | 
1 | 3816312 | 8 | 51.6331 | 0 ( 0 0 0 ) | 
1 | 3816320 | 8 | 43.8955 | 0.037634 ( 0 1.65196 0 ) | 
1 | 3816323 | 8 | 47.6739 | 0.0559306 ( 0 2.66643 0 ) | 
1 | 3816325 | 8 | 71.205 | 0.023096 ( 0.758406 0.886147 0 ) | 
1 | 3816327 | 8 | 27.2059 | 0.026097 ( 0 0.709994 0 ) | 
1 | 3816373 | 8 | 30.4424 | 0.0325021 ( 0 0.989441 0 ) | 
1 | 3816385 | 8 | 173.743 | 0.0064444 ( 0 0.481033 0.638638 ) | 
1 | 3816403 | 8 | 27.2717 | 0.126534 ( 0.946607 1.86057 0.643621 ) | 
1 | 3816411 | 8 | 40.9345 | 0.0722265 ( 0 2.95656 0 ) | 
1 | 3816414 | 8 | 29.1371 | 0.013336 ( 0 0.388572 0 ) | 
1 | 3816455 | 8 | 41.699 | 0.0602959 ( 0 1.85889 0.655383 ) | 
1 | 3816459 | 8 | 33.1503 | 0 ( 0 0 0 ) | 
1 | 3816461 | 8 | 47.3276 | 0.0302115 ( 0 0.781365 0.648472 ) | 
1 | 3816464 | 8 | 89.2962 | 0.0319688 ( 0.87607 1.97862 0 ) | 
1 | 3816513 | 8 | 67.6125 | 0.0141506 ( 0 0.956756 0 ) | 
1 | 3816534 | 8 | 98.2729 | 0.0249949 ( 0.925758 1.53056 0 ) | 
1 | 3816580 | 8 | 58.4111 | 0.0190013 ( 0 1.10989 0 ) | 
1 | 3816582 | 8 | 84.0755 | 0.0146417 ( 1.00504 0.225973 0 ) | 
1 | 3816598 | 8 | 60.6853 | 0.0115026 ( 0 0 0.698037 ) | 
1 | 3816614 | 8 | 25.7231 | 0.0316244 ( 0 0.813477 0 ) | 
1 | 3816619 | 8 | 41.3576 | 0 ( 0 0 0 ) | 
1 | 3816620 | 8 | 76.9365 | 0.0575642 ( 0 4.42879 0 ) | 
1 | 3816621 | 8 | 63.4314 | 0 ( 0 0 0 ) | 
1 | 3816658 | 8 | 87.6564 | 0 ( 0 0 0 ) | 
1 | 3816662 | 8 | 36.8 | 0.06945 ( 0 1.96191 0.593851 ) | 
1 | 3816663 | 8 | 46.1712 | 0.0237069 ( 0 1.09458 0 ) | 
1 | 3816674 | 8 | 58.6308 | 0 ( 0 0 0 ) | 
1 | 3816691 | 8 | 38.3768 | 0.0981031 ( 1.65861 1.38211 0.724157 ) | 
1 | 3816704 | 8 | 36.5931 | 0.0689716 ( 0 2.52389 0 ) | 
1 | 3816742 | 8 | 30.642 | 0 ( 0 0 0 ) | 
1 | 3771334 | 8 | 28.2772 | 0 ( 0 0 0 ) | 
1 | 3771346 | 8 | 42.2931 | 0.0526846 ( 0 2.22819 0 ) | 
1 | 3771352 | 8 | 45.5017 | 0.0549766 ( 0.791368 1.71016 0 ) | 
1 | 3771355 | 8 | 61.0654 | 0.0812646 ( 1.9865 2.36502 0.610932 ) | 
1 | 3771408 | 8 | 33.3666 | 0.0506623 ( 1.69043 0 0 ) | 
1 | 3771409 | 8 | 59.5978 | 0.0324848 ( 0 0.925135 1.01089 ) | 
1 | 3771426 | 8 | 39.7291 | 0.0213092 ( 0.846597 0 0 ) | 
1 | 3771439 | 8 | 46.847 | 0 ( 0 0 0 ) | 
1 | 3771456 | 8 | 22.8455 | 0 ( 0 0 0 ) | 
1 | 3771471 | 8 | 69.5414 | 0.0506924 ( 0.785008 2.74021 0 ) | 
1 | 3771483 | 8 | 49.5431 | 0.0884311 ( 0 3.82224 0.558913 ) | 
1 | 3771485 | 8 | 28.0564 | 0.0488687 ( 0 1.37108 0 ) | 
1 | 3771486 | 8 | 70.0442 | 0.00854497 ( 0 0.598526 0 ) | 
1 | 3771499 | 8 | 50.245 | 0.00805846 ( 0 0.404897 0 ) | 
1 | 3771510 | 8 | 49.3416 | 0.00399287 ( 0 0.197015 0 ) | 
1 | 3771525 | 8 | 107.566 | 0.00414945 ( 0 0.446339 0 ) | 
1 | 3771543 | 8 | 53.5145 | 0.0315271 ( 0.805193 0.167207 0.714754 ) | 
1 | 3771545 | 8 | 44.0932 | 0 ( 0 0 0 ) | 
1 | 3771579 | 8 | 62.73 | 0.00910889 ( 0 0.571401 0 ) | 
1 | 3771587 | 8 | 35.9159 | 0.0265332 ( 0 0 0.952965 ) | 
1 | 3771611 | 8 | 126.342 | 0.021615 ( 1.90753 0.823364 0 ) | 
1 | 3771653 | 8 | 34.6649 | 0.00496815 ( 0 0.17222 0 ) | 
1 | 3771682 | 8 | 52.5191 | 0.0673754 ( 2.51315 1.02534 0 ) | 
1 | 3771697 | 8 | 74.9763 | 0.056688 ( 0.82406 1.3198 2.10639 ) | 
1 | 3771703 | 8 | 47.2918 | 0.0559134 ( 0 0.539635 2.10461 ) | 
1 | 3771707 | 8 | 29.9092 | 0.0851539 ( 1.001 1.54589 0 ) | 
1 | 3771723 | 8 | 43.9241 | 0.0251089 ( 0.528095 0 0.574792 ) | 
1 | 3771747 | 8 | 46.9866 | 0.00638364 ( 0 0.299946 0 ) | 
1 | 3771755 | 8 | 47.5864 | 0 ( 0 0 0 ) | 
1 | 3771788 | 8 | 26.316 | 0.0557641 ( 0.833633 0 0.633855 ) | 
1 | 3771838 | 8 | 141.629 | 0 ( 0 0 0 ) | 
1 | 3771850 | 8 | 24.249 | 0.0100321 ( 0 0.243268 0 ) | 
1 | 3771866 | 8 | 120.584 | 0 ( 0 0 0 ) | 
1 | 3771871 | 8 | 36.3499 | 0.096817 ( 0.853671 2.66562 0 ) | 
1 | 3771899 | 8 | 51.4925 | 0.0598096 ( 0 3.07974 0 ) | 
1 | 3771917 | 8 | 20.5259 | 0.0396642 ( 0 0.814142 0 ) | 
1 | 3771923 | 8 | 25.1541 | 0 ( 0 0 0 ) | 
1 | 3771938 | 8 | 41.3701 | 0 ( 0 0 0 ) | 
1 | 3771945 | 8 | 30.6492 | 0.0378391 ( 0 1.15974 0 ) | 
1 | 3817457 | 8 | 50.7989 | 0.0252894 ( 0 1.28467 0 ) | 
1 | 3817463 | 8 | 41.5936 | 0.00950645 ( 0 0.395407 0 ) | 
1 | 3817485 | 8 | 34.0423 | 0.0984132 ( 0.933041 2.41717 0 ) | 
1 | 3817487 | 8 | 38.59 | 0.0342798 ( 1.11727 0.20559 0 ) | 
1 | 3817511 | 8 | 24.2346 | 0.0874568 ( 1.18363 0.935851 0 ) | 
1 | 3817543 | 8 | 21.657 | 0.0266271 ( 0 0.576663 0 ) | 
1 | 3817546 | 8 | 49.5402 | 0 ( 0 0 0 ) | 
1 | 3817588 | 8 | 138.545 | 0.00438981 ( 0 0.608186 0 ) | 
1 | 3817624 | 8 | 38.9482 | 0.0210049 ( 0 0 0.818103 ) | 
1 | 3817642 | 8 | 26.4786 | 0 ( 0 0 0 ) | 
1 | 3817652 | 8 | 51.2395 | 0 ( 0 0 0 ) | 
1 | 3817675 | 8 | 51.0041 | 0.0194268 ( 0 0.415301 0.575547 ) | 
1 | 3817702 | 8 | 42.7904 | 0 ( 0 0 0 ) | 
1 | 3817705 | 8 | 37.8994 | 0 ( 0 0 0 ) | 
1 | 3817729 | 8 | 23.6764 | 0.0757891 ( 0 0.133683 1.66073 ) | 
1 | 3817738 | 8 | 49.2549 | 0.0117909 ( 0 0.580758 0 ) | 
1 | 3817747 | 8 | 34.0411 | 0.0794669 ( 1.84153 0 0.863613 ) | 
1 | 3817754 | 8 | 43.6627 | 0.123476 ( 0 4.85932 0.531993 ) | 
1 | 3817763 | 8 | 56.8787 | 0.0649083 ( 0 3.6919 0 ) | 
1 | 3817782 | 8 | 36.8981 | 0.00824803 ( 0 0.304337 0 ) | 
1 | 3817803 | 8 | 40.7958 | 0.0226134 ( 0 0.922531 0 ) | 
1 | 3817809 | 8 | 25.2808 | 0.0125289 ( 0 0.31674 0 ) | 
1 | 3817826 | 8 | 23.6233 | 0 ( 0 0 0 ) | 
1 | 3817843 | 8 | 60.2597 | 0.0114957 ( 0 0 0.69273 ) | 
1 | 3817846 | 8 | 39.3988 | 0.0765942 ( 0 3.01772 0 ) | 
1 | 3817848 | 8 | 23.1126 | 0.122704 ( 0.947287 1.88872 0 ) | 
1 | 3817860 | 8 | 43.0878 | 0.00288526 ( 0 0.124319 0 ) | 
1 | 3817865 | 8 | 63.7741 | 0.0334189 ( 0 0.62229 1.50897 ) | 
1 | 3817893 | 8 | 31.3615 | 0.0971369 ( 0.925132 0.693894 1.42734 ) | 
1 | 3817908 | 8 | 39.7707 | 0 ( 0 0 0 ) | 
1 | 3817928 | 8 | 26.6173 | 0.0774852 ( 0.75412 1.30833 0 ) | 
1 | 3817961 | 8 | 49.7992 | 0.0516854 ( 0 1.82343 0.750462 ) | 
1 | 3817962 | 8 | 38.2959 | 0.0489038 ( 0 0 1.87282 ) | 
1 | 3817989 | 8 | 60.7716 | 0.0308922 ( 0 0 1.87737 ) | 
1 | 3818075 | 8 | 75.3374 | 0.00967025 ( 0 0.728532 0 ) | 
1 | 3818089 | 8 | 58.483 | 0.0344588 ( 0.789463 0 1.22579 ) | 
